@nodes
label table_size
53 623
52 623
51 623
50 623
49 623
48 623
47 623
46 623
45 623
44 623
43 623
42 623
41 623
40 623
39 623
38 623
37 623
36 623
35 623
34 623
33 623
32 623
31 623
30 623
29 623
28 623
27 623
26 623
25 623
24 623
23 623
22 623
21 623
20 623
19 623
18 623
17 623
16 623
15 623
14 623
13 623
12 623
11 623
10 623
9 623
8 623
7 623
6 623
5 623
4 623
3 623
2 623
1 623
0 623
@arcs
       bandwidth
53 26 1446.84
53 40 1413.41
53 9 1657.41
52 30 2016
52 14 2016
51 49 1765.52
51 29 1888.76
51 25 1180.1
51 21 1580.46
51 20 1260.91
51 20 1260.91
51 3 1177.4
50 42 2016
50 20 1260.91
49 51 1765.52
49 31 1765.52
49 1 1765.52
49 11 1765.52
48 25 1180.1
48 16 2016
48 17 2016
47 46 2016
47 38 2016
46 47 2016
46 44 2016
46 22 1231.24
46 19 2016
46 30 2016
45 25 1180.1
45 0 2016
44 46 2016
44 2 2016
43 1 2016
43 21 1580.46
42 50 2016
42 19 2016
41 39 1254.36
41 37 1370.79
41 7 1248.7
40 53 1413.41
40 22 1231.24
40 34 1413.41
40 32 1656.07
39 31 1254.36
39 37 1370.79
39 41 1254.36
39 15 1557.42
39 5 1254.36
38 47 2016
38 14 2016
37 39 1370.79
37 41 1370.79
37 7 1248.7
36 18 2016
36 10 2016
35 25 1180.1
35 12 1786.17
35 9 1657.41
35 4 1786.17
34 40 1413.41
34 22 1231.24
33 20 1260.91
33 16 2016
32 7 1248.7
32 40 1656.07
31 39 1254.36
31 49 1765.52
31 8 2016
31 5 2016
30 52 2016
30 46 2016
29 51 1888.76
29 25 1180.1
28 25 1180.1
28 24 2016
27 26 1446.84
27 22 1231.24
26 53 1446.84
26 27 1446.84
26 25 1180.1
26 22 1231.24
26 10 1446.84
25 51 1180.1
25 48 1180.1
25 45 1180.1
25 35 1180.1
25 29 1180.1
25 28 1180.1
25 26 1180.1
25 24 1180.1
25 22 1231.24
25 6 1180.1
24 28 2016
24 25 1180.1
24 23 2016
24 22 1231.24
23 24 2016
23 22 1231.24
22 46 1231.24
22 40 1231.24
22 34 1231.24
22 23 1231.24
22 27 1231.24
22 26 1231.24
22 25 1231.24
22 24 1231.24
22 7 1248.7
22 0 1231.24
21 13 1460.76
21 51 1580.46
21 43 1580.46
20 33 1260.91
20 51 1260.91
20 51 1260.91
20 50 1260.91
20 2 1260.91
19 46 2016
19 42 2016
19 11 2016
18 36 2016
18 9 1657.41
17 48 2016
17 6 2016
16 48 2016
16 33 2016
15 39 1557.42
15 13 1460.76
14 52 2016
14 38 2016
13 21 1460.76
13 15 1460.76
13 3 1460.76
12 35 1786.17
12 9 1657.41
12 4 2016
11 19 2016
11 49 1765.52
10 36 2016
10 26 1446.84
9 53 1657.41
9 35 1657.41
9 12 1657.41
9 18 1657.41
8 31 2016
7 32 1248.7
7 41 1248.7
7 37 1248.7
7 22 1248.7
6 17 2016
6 25 1180.1
5 39 1254.36
5 31 2016
4 35 1786.17
4 12 2016
3 51 1177.4
3 13 1460.76
2 44 2016
2 20 1260.91
1 49 1765.52
1 43 2016
0 45 2016
0 22 1231.24
