@nodes
label table_size
53 623
52 623
51 623
50 623
49 623
48 623
47 623
46 623
45 623
44 623
43 623
42 623
41 623
40 623
39 623
38 623
37 623
36 623
35 623
34 623
33 623
32 623
31 623
30 623
29 623
28 623
27 623
26 623
25 623
24 623
23 623
22 623
21 623
20 623
19 623
18 623
17 623
16 623
15 623
14 623
13 623
12 623
11 623
10 623
9 623
8 623
7 623
6 623
5 623
4 623
3 623
2 623
1 623
0 623
@arcs
       bandwidth
53 26 1229.35
53 40 1210.51
53 9 1194.4
52 30 2016
52 14 2016
51 49 1293.06
51 29 1359.81
51 25 1091.1
51 21 1244.35
51 20 1130.25
51 20 1130.25
51 3 1481.24
50 42 2003.22
50 20 1130.25
49 51 1293.06
49 31 1382.02
49 1 1620.67
49 11 1293.06
48 25 1091.1
48 16 1301.86
48 17 1855.48
47 46 1758.28
47 38 2016
46 47 1758.28
46 44 1758.28
46 22 1129.16
46 19 1751.18
46 30 1758.28
45 25 1091.1
45 0 2016
44 46 1758.28
44 2 1754.71
43 1 1620.67
43 21 1244.35
42 50 2003.22
42 19 1751.18
41 39 1151.93
41 37 1203.09
41 7 1150.82
40 53 1210.51
40 22 1129.16
40 34 1571.21
40 32 1378.93
39 31 1382.02
39 37 1203.09
39 41 1151.93
39 15 1386.08
39 5 1774.77
38 47 2016
38 14 2016
37 39 1203.09
37 41 1203.09
37 7 1150.82
36 18 1515.67
36 10 1558.38
35 25 1091.1
35 12 1348.37
35 9 1194.4
35 4 1198.13
34 40 1571.21
34 22 1129.16
33 20 1130.25
33 16 1301.86
32 7 1150.82
32 40 1378.93
31 39 1382.02
31 49 1382.02
31 8 1382.02
31 5 1774.77
30 52 2016
30 46 1758.28
29 51 1359.81
29 25 1091.1
28 25 1091.1
28 24 1437.83
27 26 1229.35
27 22 1129.16
26 53 1229.35
26 27 1229.35
26 25 1091.1
26 22 1129.16
26 10 1558.38
25 51 1091.1
25 48 1091.1
25 45 1091.1
25 35 1091.1
25 29 1091.1
25 28 1091.1
25 26 1091.1
25 24 1437.83
25 22 1129.16
25 6 1855.48
24 28 1437.83
24 25 1437.83
24 23 1437.83
24 22 1129.16
23 24 1437.83
23 22 1129.16
22 46 1129.16
22 40 1129.16
22 34 1129.16
22 23 1129.16
22 27 1129.16
22 26 1129.16
22 25 1129.16
22 24 1129.16
22 7 1150.82
22 0 1129.16
21 13 1289.23
21 51 1244.35
21 43 1244.35
20 33 1130.25
20 51 1130.25
20 51 1130.25
20 50 1130.25
20 2 1754.71
19 46 1751.18
19 42 1751.18
19 11 1751.18
18 36 1515.67
18 9 1194.4
17 48 1855.48
17 6 1855.48
16 48 1301.86
16 33 1301.86
15 39 1386.08
15 13 1289.23
14 52 2016
14 38 2016
13 21 1289.23
13 15 1289.23
13 3 1481.24
12 35 1348.37
12 9 1194.4
12 4 1348.37
11 19 1751.18
11 49 1293.06
10 36 1558.38
10 26 1558.38
9 53 1194.4
9 35 1194.4
9 12 1194.4
9 18 1194.4
8 31 1382.02
7 32 1150.82
7 41 1150.82
7 37 1150.82
7 22 1150.82
6 17 1855.48
6 25 1855.48
5 39 1774.77
5 31 1774.77
4 35 1198.13
4 12 1348.37
3 51 1481.24
3 13 1481.24
2 44 1754.71
2 20 1754.71
1 49 1620.67
1 43 1620.67
0 45 2016
0 22 1129.16
