@nodes
label table_size
53 623
52 623
51 623
50 623
49 623
48 623
47 623
46 623
45 623
44 623
43 623
42 623
41 623
40 623
39 623
38 623
37 623
36 623
35 623
34 623
33 623
32 623
31 623
30 623
29 623
28 623
27 623
26 623
25 623
24 623
23 623
22 623
21 623
20 623
19 623
18 623
17 623
16 623
15 623
14 623
13 623
12 623
11 623
10 623
9 623
8 623
7 623
6 623
5 623
4 623
3 623
2 623
1 623
0 623
@arcs
       bandwidth
53 26 1398.78
53 40 1466.72
53 9 1382.47
52 30 2016
52 14 2016
51 49 1576.31
51 29 1636.61
51 25 1146.9
51 21 1445.62
51 20 1228.27
51 20 1228.27
51 3 1155.59
50 42 2016
50 20 1228.27
49 51 1576.31
49 31 1576.31
49 1 1576.31
49 11 1576.31
48 25 1146.9
48 16 1657.41
48 17 1657.41
47 46 2016
47 38 2016
46 47 2016
46 44 2016
46 22 1250.37
46 19 2016
46 30 2016
45 25 1146.9
45 0 2016
44 46 2016
44 2 2016
43 1 2016
43 21 1445.62
42 50 2016
42 19 2016
41 39 1311.52
41 37 1546.12
41 7 1318.42
40 53 1466.72
40 22 1250.37
40 34 1466.72
40 32 1860.08
39 31 1311.52
39 37 1546.12
39 41 1311.52
39 15 1709.66
39 5 1311.52
38 47 2016
38 14 2016
37 39 1546.12
37 41 1546.12
37 7 1318.42
36 18 2016
36 10 2016
35 25 1146.9
35 12 1722.43
35 9 1382.47
35 4 1343.64
34 40 1466.72
34 22 1250.37
33 20 1228.27
33 16 1657.41
32 7 1318.42
32 40 1860.08
31 39 1311.52
31 49 1576.31
31 8 2016
31 5 2016
30 52 2016
30 46 2016
29 51 1636.61
29 25 1146.9
28 25 1146.9
28 24 2016
27 26 1398.78
27 22 1250.37
26 53 1398.78
26 27 1398.78
26 25 1146.9
26 22 1250.37
26 10 1398.78
25 51 1146.9
25 48 1146.9
25 45 1146.9
25 35 1146.9
25 29 1146.9
25 28 1146.9
25 26 1146.9
25 24 1146.9
25 22 1250.37
25 6 1146.9
24 28 2016
24 25 1146.9
24 23 2016
24 22 1250.37
23 24 2016
23 22 1250.37
22 46 1250.37
22 40 1250.37
22 34 1250.37
22 23 1250.37
22 27 1250.37
22 26 1250.37
22 25 1250.37
22 24 1250.37
22 7 1318.42
22 0 1250.37
21 13 1514.03
21 51 1445.62
21 43 1445.62
20 33 1228.27
20 51 1228.27
20 51 1228.27
20 50 1228.27
20 2 1228.27
19 46 2016
19 42 2016
19 11 2016
18 36 2016
18 9 1382.47
17 48 1657.41
17 6 2016
16 48 1657.41
16 33 1657.41
15 39 1709.66
15 13 1514.03
14 52 2016
14 38 2016
13 21 1514.03
13 15 1514.03
13 3 1514.03
12 35 1722.43
12 9 1382.47
12 4 1722.43
11 19 2016
11 49 1576.31
10 36 2016
10 26 1398.78
9 53 1382.47
9 35 1382.47
9 12 1382.47
9 18 1382.47
8 31 2016
7 32 1318.42
7 41 1318.42
7 37 1318.42
7 22 1318.42
6 17 2016
6 25 1146.9
5 39 1311.52
5 31 2016
4 35 1343.64
4 12 1722.43
3 51 1155.59
3 13 1514.03
2 44 2016
2 20 1228.27
1 49 1576.31
1 43 2016
0 45 2016
0 22 1250.37
