@nodes
label table_size
11 52
10 52
9 52
8 52
7 52
6 52
5 52
4 52
3 52
2 52
1 52
0 52
@arcs
       bandwidth
11 8 37341.9
11 1 34325.2
10 9 35760.4
10 3 34767.4
9 10 35760.4
9 7 37866.7
9 3 34767.4
8 11 37341.9
8 2 38066.6
7 9 37866.7
7 4 35361.6
6 5 35044.7
6 4 35361.6
6 3 34767.4
5 6 35044.7
5 2 38066.6
5 1 34325.2
4 7 35361.6
4 6 35361.6
4 1 34325.2
3 10 34767.4
3 9 34767.4
3 6 34767.4
2 8 38066.6
2 5 38066.6
1 11 34325.2
1 5 34325.2
1 4 34325.2
1 0 34325.2
0 1 34325.2
