@nodes
label table_size
64 807
63 807
62 807
61 807
60 807
59 807
58 807
57 807
56 807
55 807
54 807
53 807
52 807
51 807
50 807
49 807
48 807
47 807
46 807
45 807
44 807
43 807
42 807
41 807
40 807
39 807
38 807
37 807
36 807
35 807
34 807
33 807
32 807
31 807
30 807
29 807
28 807
27 807
26 807
25 807
24 807
23 807
22 807
21 807
20 807
19 807
18 807
17 807
16 807
15 807
14 807
13 807
12 807
11 807
10 807
9 807
8 807
7 807
6 807
5 807
4 807
3 807
2 807
1 807
0 807
@arcs
       bandwidth
64 12 255289
64 42 259233
64 45 257123
63 33 504000
63 17 504000
62 58 254775
62 29 254124
62 5 263533
62 32 255540
62 26 258451
62 24 256767
61 15 257931
61 12 255289
60 47 259917
60 24 256767
59 58 254775
59 11 260068
59 56 273124
58 62 254775
58 59 254775
58 34 255757
58 56 273124
58 3 258129
58 44 255026
58 14 256475
57 19 264241
57 29 254124
57 20 266651
56 59 273124
56 58 273124
55 54 256213
55 43 323032
54 27 254277
54 23 254817
54 50 257859
54 55 256213
54 51 258077
54 33 256213
53 1 258356
53 36 263269
52 35 268581
52 21 262864
52 27 254277
51 54 258077
51 29 254124
51 2 259143
50 54 257859
50 23 254817
50 4 263422
49 39 255801
49 35 268581
48 25 256699
48 3 258129
48 26 258451
47 60 259917
47 23 254817
46 9 254651
46 44 255026
46 41 256941
45 27 254277
45 38 257738
45 64 257123
45 36 263269
44 58 255026
44 46 255026
44 34 255757
44 41 256941
44 18 263202
44 7 260775
43 55 323032
43 17 504000
42 64 259233
42 12 255289
42 0 258268
41 46 256941
41 44 256941
41 9 254651
40 13 256798
40 22 259759
40 21 262864
39 29 254124
39 15 257931
39 12 255289
39 49 255801
39 6 272034
38 45 257738
38 27 254277
38 1 258356
38 30 255174
37 19 264241
37 24 256767
37 32 255540
36 45 263269
36 53 263269
35 52 268581
35 49 268581
34 58 255757
34 44 255757
34 10 301759
34 11 260068
34 7 260775
33 63 504000
33 54 256213
32 62 255540
32 29 254124
32 37 255540
32 9 254651
32 8 260759
31 30 255174
31 27 254277
30 13 256798
30 38 255174
30 31 255174
30 27 254277
30 0 258268
29 62 254124
29 39 254124
29 57 254124
29 51 254124
29 32 254124
29 28 261934
29 27 254277
29 9 254651
29 8 260759
29 2 259143
28 29 261934
28 27 254277
27 54 254277
27 45 254277
27 38 254277
27 9 254651
27 2 259143
27 52 254277
27 30 254277
27 28 254277
27 29 254277
27 31 254277
26 62 258451
26 16 258973
26 48 258451
25 48 256699
25 14 256475
25 23 254817
24 62 256767
24 37 256767
24 60 256767
24 4 263422
23 54 254817
23 14 256475
23 25 254817
23 47 254817
23 50 254817
22 40 259759
22 12 255289
21 52 262864
21 40 262864
21 13 256798
20 8 260759
20 57 266651
19 57 264241
19 37 264241
18 44 263202
18 16 258973
17 43 504000
17 63 504000
16 26 258973
16 5 263533
16 18 258973
15 39 257931
15 12 255289
15 61 257931
15 6 272034
14 23 256475
14 25 256475
14 58 256475
13 40 256798
13 30 256798
13 0 258268
13 21 256798
12 64 255289
12 39 255289
12 15 255289
12 42 255289
12 61 255289
12 22 255289
11 59 260068
11 34 260068
10 34 301759
9 46 254651
9 27 254651
9 32 254651
9 1 258356
9 41 254651
9 29 254651
8 32 260759
8 20 260759
8 29 260759
7 44 260775
7 34 260775
6 39 272034
6 15 272034
5 62 263533
5 16 263533
4 24 263422
4 50 263422
3 58 258129
3 48 258129
2 27 259143
2 51 259143
2 29 259143
1 53 258356
1 38 258356
1 9 258356
0 42 258268
0 13 258268
0 30 258268
