@nodes
label table_size
64 807
63 807
62 807
61 807
60 807
59 807
58 807
57 807
56 807
55 807
54 807
53 807
52 807
51 807
50 807
49 807
48 807
47 807
46 807
45 807
44 807
43 807
42 807
41 807
40 807
39 807
38 807
37 807
36 807
35 807
34 807
33 807
32 807
31 807
30 807
29 807
28 807
27 807
26 807
25 807
24 807
23 807
22 807
21 807
20 807
19 807
18 807
17 807
16 807
15 807
14 807
13 807
12 807
11 807
10 807
9 807
8 807
7 807
6 807
5 807
4 807
3 807
2 807
1 807
0 807
@arcs
       bandwidth
64 12 284071
64 42 390626
64 45 320960
63 33 504000
63 17 504000
62 58 288543
62 29 276956
62 5 409038
62 32 289709
62 26 328138
62 24 294131
61 15 297444
61 12 284071
60 47 388394
60 24 294131
59 58 288543
59 11 409038
59 56 409038
58 62 288543
58 59 288543
58 34 303290
58 56 288543
58 3 333837
58 44 286196
58 14 348886
57 19 429610
57 29 276956
57 20 396332
56 59 409038
56 58 288543
55 54 323081
55 43 504000
54 27 304427
54 23 294804
54 50 344312
54 55 323081
54 51 426862
54 33 323081
53 1 294341
53 36 353226
52 35 504000
52 21 504000
52 27 304427
51 54 426862
51 29 276956
51 2 426862
50 54 344312
50 23 294804
50 4 390061
49 39 284944
49 35 504000
48 25 339998
48 3 333837
48 26 328138
47 60 388394
47 23 294804
46 9 280599
46 44 286196
46 41 308821
45 27 304427
45 38 307579
45 64 320960
45 36 353226
44 58 286196
44 46 286196
44 34 303290
44 41 308821
44 18 393915
44 7 444762
43 55 504000
43 17 504000
42 64 390626
42 12 284071
42 0 390626
41 46 308821
41 44 308821
41 9 280599
40 13 331907
40 22 350101
40 21 348153
39 29 276956
39 15 297444
39 12 284071
39 49 284944
39 6 416401
38 45 307579
38 27 304427
38 1 294341
38 30 298912
37 19 429610
37 24 294131
37 32 289709
36 45 353226
36 53 353226
35 52 504000
35 49 504000
34 58 303290
34 44 303290
34 10 303290
34 11 409038
34 7 444762
33 63 504000
33 54 323081
32 62 289709
32 29 276956
32 37 289709
32 9 280599
32 8 433090
31 30 298912
31 27 304427
30 13 331907
30 38 298912
30 31 298912
30 27 304427
30 0 298912
29 62 276956
29 39 276956
29 57 276956
29 51 276956
29 32 276956
29 28 276956
29 27 304427
29 9 280599
29 8 433090
29 2 276956
28 29 276956
28 27 304427
27 54 304427
27 45 304427
27 38 304427
27 9 280599
27 2 304427
27 52 304427
27 30 304427
27 28 304427
27 29 304427
27 31 304427
26 62 328138
26 16 343236
26 48 328138
25 48 339998
25 14 348886
25 23 294804
24 62 294131
24 37 294131
24 60 294131
24 4 390061
23 54 294804
23 14 348886
23 25 294804
23 47 294804
23 50 294804
22 40 350101
22 12 284071
21 52 504000
21 40 348153
21 13 331907
20 8 433090
20 57 396332
19 57 429610
19 37 429610
18 44 393915
18 16 343236
17 43 504000
17 63 504000
16 26 343236
16 5 409038
16 18 343236
15 39 297444
15 12 284071
15 61 297444
15 6 416401
14 23 348886
14 25 348886
14 58 348886
13 40 331907
13 30 331907
13 0 331907
13 21 331907
12 64 284071
12 39 284071
12 15 284071
12 42 284071
12 61 284071
12 22 284071
11 59 409038
11 34 409038
10 34 303290
9 46 280599
9 27 280599
9 32 280599
9 1 294341
9 41 280599
9 29 280599
8 32 433090
8 20 433090
8 29 433090
7 44 444762
7 34 444762
6 39 416401
6 15 416401
5 62 409038
5 16 409038
4 24 390061
4 50 390061
3 58 333837
3 48 333837
2 27 304427
2 51 426862
2 29 276956
1 53 294341
1 38 294341
1 9 294341
0 42 390626
0 13 331907
0 30 298912
