@nodes
label table_size
64 807
63 807
62 807
61 807
60 807
59 807
58 807
57 807
56 807
55 807
54 807
53 807
52 807
51 807
50 807
49 807
48 807
47 807
46 807
45 807
44 807
43 807
42 807
41 807
40 807
39 807
38 807
37 807
36 807
35 807
34 807
33 807
32 807
31 807
30 807
29 807
28 807
27 807
26 807
25 807
24 807
23 807
22 807
21 807
20 807
19 807
18 807
17 807
16 807
15 807
14 807
13 807
12 807
11 807
10 807
9 807
8 807
7 807
6 807
5 807
4 807
3 807
2 807
1 807
0 807
@arcs
       bandwidth
64 12 340458
64 42 504000
64 45 412762
63 33 504000
63 17 504000
62 58 341469
62 29 306741
62 5 317160
62 32 322588
62 26 422751
62 24 340381
61 15 408796
61 12 340458
60 47 504000
60 24 340381
59 58 341469
59 11 504000
59 56 504000
58 62 341469
58 59 341469
58 34 392931
58 56 341469
58 3 341469
58 44 331532
58 14 341469
57 19 504000
57 29 306741
57 20 504000
56 59 504000
56 58 341469
55 54 360693
55 43 504000
54 27 340227
54 23 343647
54 50 451181
54 55 360693
54 51 360693
54 33 360693
53 1 343729
53 36 504000
52 35 504000
52 21 504000
52 27 340227
51 54 360693
51 29 306741
51 2 504000
50 54 451181
50 23 343647
50 4 451181
49 39 334434
49 35 504000
48 25 499703
48 3 410014
48 26 422751
47 60 504000
47 23 343647
46 9 309955
46 44 331532
46 41 414821
45 27 340227
45 38 376230
45 64 412762
45 36 412762
44 58 331532
44 46 331532
44 34 392931
44 41 414821
44 18 331532
44 7 331532
43 55 504000
43 17 504000
42 64 504000
42 12 340458
42 0 504000
41 46 414821
41 44 414821
41 9 309955
40 13 504000
40 22 504000
40 21 504000
39 29 306741
39 15 408796
39 12 340458
39 49 334434
39 6 334434
38 45 376230
38 27 340227
38 1 343729
38 30 368809
37 19 364418
37 24 340381
37 32 322588
36 45 412762
36 53 504000
35 52 504000
35 49 504000
34 58 392931
34 44 392931
34 10 392931
34 11 392931
34 7 392931
33 63 504000
33 54 360693
32 62 322588
32 29 306741
32 37 322588
32 9 309955
32 8 322588
31 30 368809
31 27 340227
30 13 368809
30 38 368809
30 31 368809
30 27 340227
30 0 368809
29 62 306741
29 39 306741
29 57 306741
29 51 306741
29 32 306741
29 28 306741
29 27 340227
29 9 309955
29 8 306741
29 2 306741
28 29 306741
28 27 340227
27 54 340227
27 45 340227
27 38 340227
27 9 309955
27 2 340227
27 52 340227
27 30 340227
27 28 340227
27 29 340227
27 31 340227
26 62 422751
26 16 471379
26 48 422751
25 48 499703
25 14 499703
25 23 343647
24 62 340381
24 37 340381
24 60 340381
24 4 340381
23 54 343647
23 14 343647
23 25 343647
23 47 343647
23 50 343647
22 40 504000
22 12 340458
21 52 504000
21 40 504000
21 13 504000
20 8 504000
20 57 504000
19 57 504000
19 37 364418
18 44 331532
18 16 471379
17 43 504000
17 63 504000
16 26 471379
16 5 471379
16 18 471379
15 39 408796
15 12 340458
15 61 408796
15 6 408796
14 23 343647
14 25 499703
14 58 341469
13 40 504000
13 30 368809
13 0 504000
13 21 504000
12 64 340458
12 39 340458
12 15 340458
12 42 340458
12 61 340458
12 22 340458
11 59 504000
11 34 392931
10 34 392931
9 46 309955
9 27 309955
9 32 309955
9 1 343729
9 41 309955
9 29 309955
8 32 322588
8 20 504000
8 29 306741
7 44 331532
7 34 392931
6 39 334434
6 15 408796
5 62 317160
5 16 471379
4 24 340381
4 50 451181
3 58 341469
3 48 410014
2 27 340227
2 51 504000
2 29 306741
1 53 343729
1 38 343729
1 9 343729
0 42 504000
0 13 504000
0 30 368809
