@nodes
label table_size
64 807
63 807
62 807
61 807
60 807
59 807
58 807
57 807
56 807
55 807
54 807
53 807
52 807
51 807
50 807
49 807
48 807
47 807
46 807
45 807
44 807
43 807
42 807
41 807
40 807
39 807
38 807
37 807
36 807
35 807
34 807
33 807
32 807
31 807
30 807
29 807
28 807
27 807
26 807
25 807
24 807
23 807
22 807
21 807
20 807
19 807
18 807
17 807
16 807
15 807
14 807
13 807
12 807
11 807
10 807
9 807
8 807
7 807
6 807
5 807
4 807
3 807
2 807
1 807
0 807
@arcs
       bandwidth
64 12 264905
64 42 286013
64 45 272636
63 33 504000
63 17 504000
62 58 263545
62 29 261326
62 5 301759
62 32 265566
62 26 278109
62 24 269353
61 15 281572
61 12 264905
60 47 287962
60 24 269353
59 58 263545
59 11 309013
59 56 309013
58 62 263545
58 59 263545
58 34 268471
58 56 263545
58 3 279793
58 44 263387
58 14 272640
57 19 311515
57 29 261326
57 20 319183
56 59 309013
56 58 263545
55 54 271234
55 43 504000
54 27 263350
54 23 263925
54 50 277519
54 55 271234
54 51 284071
54 33 271234
53 1 270149
53 36 293579
52 35 379821
52 21 301420
52 27 263350
51 54 284071
51 29 261326
51 2 306800
50 54 277519
50 23 263925
50 4 296085
49 39 267216
49 35 379821
48 25 273007
48 3 279793
48 26 278109
47 60 287962
47 23 263925
46 9 261511
46 44 263387
46 41 269443
45 27 263350
45 38 270506
45 64 272636
45 36 293579
44 58 263387
44 46 263387
44 34 268471
44 41 269443
44 18 293494
44 7 294288
43 55 504000
43 17 504000
42 64 286013
42 12 264905
42 0 283632
41 46 269443
41 44 269443
41 9 261511
40 13 275367
40 22 285148
40 21 301420
39 29 261326
39 15 281572
39 12 264905
39 49 267216
39 6 267216
38 45 270506
38 27 263350
38 1 270149
38 30 265725
37 19 311515
37 24 269353
37 32 265566
36 45 293579
36 53 293579
35 52 379821
35 49 379821
34 58 268471
34 44 268471
34 10 268471
34 11 309013
34 7 294288
33 63 504000
33 54 271234
32 62 265566
32 29 261326
32 37 265566
32 9 261511
32 8 291419
31 30 265725
31 27 263350
30 13 275367
30 38 265725
30 31 265725
30 27 263350
30 0 283632
29 62 261326
29 39 261326
29 57 261326
29 51 261326
29 32 261326
29 28 304836
29 27 263350
29 9 261511
29 8 291419
29 2 306800
28 29 304836
28 27 263350
27 54 263350
27 45 263350
27 38 263350
27 9 261511
27 2 306800
27 52 263350
27 30 263350
27 28 263350
27 29 263350
27 31 263350
26 62 278109
26 16 279360
26 48 278109
25 48 273007
25 14 272640
25 23 263925
24 62 269353
24 37 269353
24 60 269353
24 4 296085
23 54 263925
23 14 272640
23 25 263925
23 47 263925
23 50 263925
22 40 285148
22 12 264905
21 52 301420
21 40 301420
21 13 275367
20 8 291419
20 57 319183
19 57 311515
19 37 311515
18 44 293494
18 16 279360
17 43 504000
17 63 504000
16 26 279360
16 5 301759
16 18 279360
15 39 281572
15 12 264905
15 61 281572
15 6 281572
14 23 272640
14 25 272640
14 58 272640
13 40 275367
13 30 275367
13 0 283632
13 21 275367
12 64 264905
12 39 264905
12 15 264905
12 42 264905
12 61 264905
12 22 264905
11 59 309013
11 34 309013
10 34 268471
9 46 261511
9 27 261511
9 32 261511
9 1 270149
9 41 261511
9 29 261511
8 32 291419
8 20 291419
8 29 291419
7 44 294288
7 34 294288
6 39 267216
6 15 281572
5 62 301759
5 16 301759
4 24 296085
4 50 296085
3 58 279793
3 48 279793
2 27 306800
2 51 306800
2 29 306800
1 53 270149
1 38 270149
1 9 270149
0 42 283632
0 13 283632
0 30 283632
