@nodes
label table_size
64 807
63 807
62 807
61 807
60 807
59 807
58 807
57 807
56 807
55 807
54 807
53 807
52 807
51 807
50 807
49 807
48 807
47 807
46 807
45 807
44 807
43 807
42 807
41 807
40 807
39 807
38 807
37 807
36 807
35 807
34 807
33 807
32 807
31 807
30 807
29 807
28 807
27 807
26 807
25 807
24 807
23 807
22 807
21 807
20 807
19 807
18 807
17 807
16 807
15 807
14 807
13 807
12 807
11 807
10 807
9 807
8 807
7 807
6 807
5 807
4 807
3 807
2 807
1 807
0 807
@arcs
       bandwidth
64 12 333313
64 42 468575
64 45 387848
63 33 504000
63 17 504000
62 58 324552
62 29 299393
62 5 320496
62 32 325870
62 26 425371
62 24 333837
61 15 504000
61 12 333313
60 47 504000
60 24 333837
59 58 324552
59 11 504000
59 56 504000
58 62 324552
58 59 324552
58 34 399259
58 56 324552
58 3 324552
58 44 307915
58 14 429610
57 19 504000
57 29 299393
57 20 504000
56 59 504000
56 58 324552
55 54 369213
55 43 504000
54 27 326085
54 23 326959
54 50 430546
54 55 369213
54 51 369213
54 33 369213
53 1 327797
53 36 504000
52 35 504000
52 21 504000
52 27 326085
51 54 369213
51 29 299393
51 2 504000
50 54 430546
50 23 326959
50 4 430546
49 39 334769
49 35 504000
48 25 464502
48 3 389501
48 26 425371
47 60 504000
47 23 326959
46 9 297122
46 44 307915
46 41 358529
45 27 326085
45 38 353733
45 64 387848
45 36 387848
44 58 307915
44 46 307915
44 34 399259
44 41 358529
44 18 500308
44 7 307915
43 55 504000
43 17 504000
42 64 468575
42 12 333313
42 0 504000
41 46 358529
41 44 358529
41 9 297122
40 13 504000
40 22 504000
40 21 504000
39 29 299393
39 15 334769
39 12 333313
39 49 334769
39 6 334769
38 45 353733
38 27 326085
38 1 327797
38 30 345759
37 19 367745
37 24 333837
37 32 325870
36 45 387848
36 53 504000
35 52 504000
35 49 504000
34 58 399259
34 44 399259
34 10 399259
34 11 399259
34 7 399259
33 63 504000
33 54 369213
32 62 325870
32 29 299393
32 37 325870
32 9 297122
32 8 325870
31 30 345759
31 27 326085
30 13 345759
30 38 345759
30 31 345759
30 27 326085
30 0 345759
29 62 299393
29 39 299393
29 57 299393
29 51 299393
29 32 299393
29 28 299393
29 27 326085
29 9 297122
29 8 299393
29 2 299393
28 29 299393
28 27 326085
27 54 326085
27 45 326085
27 38 326085
27 9 297122
27 2 326085
27 52 326085
27 30 326085
27 28 326085
27 29 326085
27 31 326085
26 62 425371
26 16 417202
26 48 425371
25 48 464502
25 14 429610
25 23 326959
24 62 333837
24 37 333837
24 60 333837
24 4 333837
23 54 326959
23 14 429610
23 25 326959
23 47 326959
23 50 326959
22 40 504000
22 12 333313
21 52 504000
21 40 504000
21 13 504000
20 8 504000
20 57 504000
19 57 504000
19 37 367745
18 44 500308
18 16 417202
17 43 504000
17 63 504000
16 26 417202
16 5 417202
16 18 417202
15 39 334769
15 12 333313
15 61 504000
15 6 504000
14 23 429610
14 25 429610
14 58 429610
13 40 504000
13 30 345759
13 0 504000
13 21 504000
12 64 333313
12 39 333313
12 15 333313
12 42 333313
12 61 333313
12 22 333313
11 59 504000
11 34 399259
10 34 399259
9 46 297122
9 27 297122
9 32 297122
9 1 327797
9 41 297122
9 29 297122
8 32 325870
8 20 504000
8 29 299393
7 44 307915
7 34 399259
6 39 334769
6 15 504000
5 62 320496
5 16 417202
4 24 333837
4 50 430546
3 58 324552
3 48 389501
2 27 326085
2 51 504000
2 29 299393
1 53 327797
1 38 327797
1 9 327797
0 42 504000
0 13 504000
0 30 345759
