@nodes
label table_size
64 807
63 807
62 807
61 807
60 807
59 807
58 807
57 807
56 807
55 807
54 807
53 807
52 807
51 807
50 807
49 807
48 807
47 807
46 807
45 807
44 807
43 807
42 807
41 807
40 807
39 807
38 807
37 807
36 807
35 807
34 807
33 807
32 807
31 807
30 807
29 807
28 807
27 807
26 807
25 807
24 807
23 807
22 807
21 807
20 807
19 807
18 807
17 807
16 807
15 807
14 807
13 807
12 807
11 807
10 807
9 807
8 807
7 807
6 807
5 807
4 807
3 807
2 807
1 807
0 807
@arcs
       bandwidth
64 12 255178
64 42 259333
64 45 257467
63 33 504000
63 17 504000
62 58 254939
62 29 254199
62 5 264014
62 32 255608
62 26 258693
62 24 256873
61 15 256500
61 12 255178
60 47 260511
60 24 256873
59 58 254939
59 11 259561
59 56 267754
58 62 254939
58 59 254939
58 34 255812
58 56 267754
58 3 258511
58 44 255180
58 14 256902
57 19 264274
57 29 254199
57 20 266145
56 59 267754
56 58 267754
55 54 256938
55 43 322686
54 27 254705
54 23 255065
54 50 258371
54 55 256938
54 51 259022
54 33 256938
53 1 257933
53 36 262576
52 35 269536
52 21 263348
52 27 254705
51 54 259022
51 29 254199
51 2 260862
50 54 258371
50 23 255065
50 4 264028
49 39 255513
49 35 269536
48 25 256949
48 3 258511
48 26 258693
47 60 260511
47 23 255065
46 9 254687
46 44 255180
46 41 257024
45 27 254705
45 38 257341
45 64 257467
45 36 262576
44 58 255180
44 46 255180
44 34 255812
44 41 257024
44 18 264306
44 7 261207
43 55 322686
43 17 504000
42 64 259333
42 12 255178
42 0 258907
41 46 257024
41 44 257024
41 9 254687
40 13 256846
40 22 258890
40 21 263348
39 29 254199
39 15 256500
39 12 255178
39 49 255513
39 6 263790
38 45 257341
38 27 254705
38 1 257933
38 30 255364
37 19 264274
37 24 256873
37 32 255608
36 45 262576
36 53 262576
35 52 269536
35 49 269536
34 58 255812
34 44 255812
34 10 303187
34 11 259561
34 7 261207
33 63 504000
33 54 256938
32 62 255608
32 29 254199
32 37 255608
32 9 254687
32 8 260552
31 30 255364
31 27 254705
30 13 256846
30 38 255364
30 31 255364
30 27 254705
30 0 258907
29 62 254199
29 39 254199
29 57 254199
29 51 254199
29 32 254199
29 28 263340
29 27 254705
29 9 254687
29 8 260552
29 2 260862
28 29 263340
28 27 254705
27 54 254705
27 45 254705
27 38 254705
27 9 254687
27 2 260862
27 52 254705
27 30 254705
27 28 254705
27 29 254705
27 31 254705
26 62 258693
26 16 259489
26 48 258693
25 48 256949
25 14 256902
25 23 255065
24 62 256873
24 37 256873
24 60 256873
24 4 264028
23 54 255065
23 14 256902
23 25 255065
23 47 255065
23 50 255065
22 40 258890
22 12 255178
21 52 263348
21 40 263348
21 13 256846
20 8 260552
20 57 266145
19 57 264274
19 37 264274
18 44 264306
18 16 259489
17 43 504000
17 63 504000
16 26 259489
16 5 264014
16 18 259489
15 39 256500
15 12 255178
15 61 256500
15 6 263790
14 23 256902
14 25 256902
14 58 256902
13 40 256846
13 30 256846
13 0 258907
13 21 256846
12 64 255178
12 39 255178
12 15 255178
12 42 255178
12 61 255178
12 22 255178
11 59 259561
11 34 259561
10 34 303187
9 46 254687
9 27 254687
9 32 254687
9 1 257933
9 41 254687
9 29 254687
8 32 260552
8 20 260552
8 29 260552
7 44 261207
7 34 261207
6 39 263790
6 15 263790
5 62 264014
5 16 264014
4 24 264028
4 50 264028
3 58 258511
3 48 258511
2 27 260862
2 51 260862
2 29 260862
1 53 257933
1 38 257933
1 9 257933
0 42 258907
0 13 258907
0 30 258907
