@nodes
label table_size
64 807
63 807
62 807
61 807
60 807
59 807
58 807
57 807
56 807
55 807
54 807
53 807
52 807
51 807
50 807
49 807
48 807
47 807
46 807
45 807
44 807
43 807
42 807
41 807
40 807
39 807
38 807
37 807
36 807
35 807
34 807
33 807
32 807
31 807
30 807
29 807
28 807
27 807
26 807
25 807
24 807
23 807
22 807
21 807
20 807
19 807
18 807
17 807
16 807
15 807
14 807
13 807
12 807
11 807
10 807
9 807
8 807
7 807
6 807
5 807
4 807
3 807
2 807
1 807
0 807
@arcs
       bandwidth
64 12 303524
64 42 424782
64 45 377611
63 33 504000
63 17 504000
62 58 311690
62 29 288875
62 5 299884
62 32 305139
62 26 364917
62 24 311866
61 15 329003
61 12 303524
60 47 479731
60 24 311866
59 58 311690
59 11 504000
59 56 504000
58 62 311690
58 59 311690
58 34 337483
58 56 311690
58 3 411501
58 44 308632
58 14 416667
57 19 504000
57 29 288875
57 20 504000
56 59 504000
56 58 311690
55 54 353428
55 43 504000
54 27 332989
54 23 319630
54 50 402084
54 55 353428
54 51 353428
54 33 353428
53 1 318962
53 36 460578
52 35 504000
52 21 504000
52 27 332989
51 54 353428
51 29 288875
51 2 504000
50 54 402084
50 23 319630
50 4 402084
49 39 301420
49 35 504000
48 25 417202
48 3 411501
48 26 364917
47 60 479731
47 23 319630
46 9 296047
46 44 308632
46 41 364542
45 27 332989
45 38 341078
45 64 377611
45 36 460578
44 58 308632
44 46 308632
44 34 337483
44 41 364542
44 18 308632
44 7 308632
43 55 504000
43 17 504000
42 64 424782
42 12 303524
42 0 504000
41 46 364542
41 44 364542
41 9 296047
40 13 421895
40 22 439432
40 21 458881
39 29 288875
39 15 329003
39 12 303524
39 49 301420
39 6 301420
38 45 341078
38 27 332989
38 1 318962
38 30 332286
37 19 327181
37 24 311866
37 32 305139
36 45 460578
36 53 460578
35 52 504000
35 49 504000
34 58 337483
34 44 337483
34 10 337483
34 11 337483
34 7 337483
33 63 504000
33 54 353428
32 62 305139
32 29 288875
32 37 305139
32 9 296047
32 8 305139
31 30 332286
31 27 332989
30 13 421895
30 38 332286
30 31 332286
30 27 332989
30 0 332286
29 62 288875
29 39 288875
29 57 288875
29 51 288875
29 32 288875
29 28 288875
29 27 332989
29 9 296047
29 8 288875
29 2 288875
28 29 288875
28 27 332989
27 54 332989
27 45 332989
27 38 332989
27 9 296047
27 2 332989
27 52 332989
27 30 332989
27 28 332989
27 29 332989
27 31 332989
26 62 364917
26 16 401863
26 48 364917
25 48 417202
25 14 416667
25 23 319630
24 62 311866
24 37 311866
24 60 311866
24 4 311866
23 54 319630
23 14 416667
23 25 319630
23 47 319630
23 50 319630
22 40 439432
22 12 303524
21 52 504000
21 40 458881
21 13 421895
20 8 504000
20 57 504000
19 57 504000
19 37 327181
18 44 308632
18 16 401863
17 43 504000
17 63 504000
16 26 401863
16 5 401863
16 18 401863
15 39 329003
15 12 303524
15 61 329003
15 6 329003
14 23 416667
14 25 416667
14 58 416667
13 40 421895
13 30 421895
13 0 421895
13 21 421895
12 64 303524
12 39 303524
12 15 303524
12 42 303524
12 61 303524
12 22 303524
11 59 504000
11 34 337483
10 34 337483
9 46 296047
9 27 296047
9 32 296047
9 1 318962
9 41 296047
9 29 296047
8 32 305139
8 20 504000
8 29 288875
7 44 308632
7 34 337483
6 39 301420
6 15 329003
5 62 299884
5 16 401863
4 24 311866
4 50 402084
3 58 411501
3 48 411501
2 27 332989
2 51 504000
2 29 288875
1 53 318962
1 38 318962
1 9 318962
0 42 504000
0 13 421895
0 30 332286
