@nodes
label table_size
64 807
63 807
62 807
61 807
60 807
59 807
58 807
57 807
56 807
55 807
54 807
53 807
52 807
51 807
50 807
49 807
48 807
47 807
46 807
45 807
44 807
43 807
42 807
41 807
40 807
39 807
38 807
37 807
36 807
35 807
34 807
33 807
32 807
31 807
30 807
29 807
28 807
27 807
26 807
25 807
24 807
23 807
22 807
21 807
20 807
19 807
18 807
17 807
16 807
15 807
14 807
13 807
12 807
11 807
10 807
9 807
8 807
7 807
6 807
5 807
4 807
3 807
2 807
1 807
0 807
@arcs
       bandwidth
64 12 270027
64 42 310759
64 45 289892
63 33 504000
63 17 504000
62 58 272968
62 29 267246
62 5 336000
62 32 275595
62 26 296588
62 24 279382
61 15 277687
61 12 270027
60 47 326193
60 24 279382
59 58 272968
59 11 316376
59 56 445128
58 62 272968
58 59 272968
58 34 278868
58 56 445128
58 3 293042
58 44 271285
58 14 306043
57 19 360577
57 29 267246
57 20 328654
56 59 445128
56 58 445128
55 54 291604
55 43 504000
54 27 281418
54 23 276127
54 50 299704
54 55 291604
54 51 334367
54 33 291604
53 1 278129
53 36 309594
52 35 461870
52 21 414821
52 27 281418
51 54 334367
51 29 267246
51 2 406649
50 54 299704
50 23 276127
50 4 328195
49 39 271466
49 35 504000
48 25 295297
48 3 293042
48 26 296588
47 60 326193
47 23 276127
46 9 268988
46 44 271285
46 41 282892
45 27 281418
45 38 283741
45 64 289892
45 36 309594
44 58 271285
44 46 271285
44 34 278868
44 41 282892
44 18 325977
44 7 323231
43 55 504000
43 17 504000
42 64 310759
42 12 270027
42 0 331470
41 46 282892
41 44 282892
41 9 268988
40 13 291961
40 22 300968
40 21 414821
39 29 267246
39 15 277687
39 12 270027
39 49 271466
39 6 334101
38 45 283741
38 27 281418
38 1 278129
38 30 276671
37 19 360577
37 24 279382
37 32 275595
36 45 309594
36 53 309594
35 52 461870
35 49 504000
34 58 278868
34 44 278868
34 10 278868
34 11 316376
34 7 323231
33 63 504000
33 54 291604
32 62 275595
32 29 267246
32 37 275595
32 9 268988
32 8 332925
31 30 276671
31 27 281418
30 13 291961
30 38 276671
30 31 276671
30 27 281418
30 0 331470
29 62 267246
29 39 267246
29 57 267246
29 51 267246
29 32 267246
29 28 409281
29 27 281418
29 9 268988
29 8 332925
29 2 406649
28 29 409281
28 27 281418
27 54 281418
27 45 281418
27 38 281418
27 9 268988
27 2 406649
27 52 281418
27 30 281418
27 28 281418
27 29 281418
27 31 281418
26 62 296588
26 16 301662
26 48 296588
25 48 295297
25 14 306043
25 23 276127
24 62 279382
24 37 279382
24 60 279382
24 4 328195
23 54 276127
23 14 306043
23 25 276127
23 47 276127
23 50 276127
22 40 300968
22 12 270027
21 52 414821
21 40 414821
21 13 291961
20 8 332925
20 57 328654
19 57 360577
19 37 360577
18 44 325977
18 16 301662
17 43 504000
17 63 504000
16 26 301662
16 5 336000
16 18 301662
15 39 277687
15 12 270027
15 61 277687
15 6 334101
14 23 306043
14 25 306043
14 58 306043
13 40 291961
13 30 291961
13 0 331470
13 21 291961
12 64 270027
12 39 270027
12 15 270027
12 42 270027
12 61 270027
12 22 270027
11 59 316376
11 34 316376
10 34 278868
9 46 268988
9 27 268988
9 32 268988
9 1 278129
9 41 268988
9 29 268988
8 32 332925
8 20 332925
8 29 332925
7 44 323231
7 34 323231
6 39 334101
6 15 334101
5 62 336000
5 16 336000
4 24 328195
4 50 328195
3 58 293042
3 48 293042
2 27 406649
2 51 406649
2 29 406649
1 53 278129
1 38 278129
1 9 278129
0 42 331470
0 13 331470
0 30 331470
