@nodes
label table_size
64 807
63 807
62 807
61 807
60 807
59 807
58 807
57 807
56 807
55 807
54 807
53 807
52 807
51 807
50 807
49 807
48 807
47 807
46 807
45 807
44 807
43 807
42 807
41 807
40 807
39 807
38 807
37 807
36 807
35 807
34 807
33 807
32 807
31 807
30 807
29 807
28 807
27 807
26 807
25 807
24 807
23 807
22 807
21 807
20 807
19 807
18 807
17 807
16 807
15 807
14 807
13 807
12 807
11 807
10 807
9 807
8 807
7 807
6 807
5 807
4 807
3 807
2 807
1 807
0 807
@arcs
       bandwidth
64 12 287924
64 42 418283
64 45 307518
63 33 504000
63 17 504000
62 58 284795
62 29 275356
62 5 389687
62 32 287033
62 26 322490
62 24 295933
61 15 395720
61 12 287924
60 47 375776
60 24 295933
59 58 284795
59 11 504000
59 56 504000
58 62 284795
58 59 284795
58 34 305028
58 56 284795
58 3 331595
58 44 280510
58 14 319856
57 19 486561
57 29 275356
57 20 412003
56 59 504000
56 58 284795
55 54 305672
55 43 504000
54 27 286013
54 23 284891
54 50 319139
54 55 305672
54 51 358306
54 33 305672
53 1 294306
53 36 375626
52 35 490971
52 21 490971
52 27 286013
51 54 358306
51 29 275356
51 2 471853
50 54 319139
50 23 284891
50 4 364046
49 39 290640
49 35 504000
48 25 315810
48 3 331595
48 26 322490
47 60 375776
47 23 284891
46 9 276201
46 44 280510
46 41 299615
45 27 286013
45 38 301039
45 64 307518
45 36 375626
44 58 280510
44 46 280510
44 34 305028
44 41 299615
44 18 351057
44 7 419378
43 55 504000
43 17 504000
42 64 418283
42 12 287924
42 0 421895
41 46 299615
41 44 299615
41 9 276201
40 13 338945
40 22 388761
40 21 358418
39 29 275356
39 15 395720
39 12 287924
39 49 290640
39 6 290640
38 45 301039
38 27 286013
38 1 294306
38 30 294715
37 19 486561
37 24 295933
37 32 287033
36 45 375626
36 53 375626
35 52 490971
35 49 504000
34 58 305028
34 44 305028
34 10 305028
34 11 305028
34 7 419378
33 63 504000
33 54 305672
32 62 287033
32 29 275356
32 37 287033
32 9 276201
32 8 406180
31 30 294715
31 27 286013
30 13 338945
30 38 294715
30 31 294715
30 27 286013
30 0 421895
29 62 275356
29 39 275356
29 57 275356
29 51 275356
29 32 275356
29 28 483886
29 27 286013
29 9 276201
29 8 406180
29 2 471853
28 29 483886
28 27 286013
27 54 286013
27 45 286013
27 38 286013
27 9 276201
27 2 471853
27 52 286013
27 30 286013
27 28 286013
27 29 286013
27 31 286013
26 62 322490
26 16 320960
26 48 322490
25 48 315810
25 14 319856
25 23 284891
24 62 295933
24 37 295933
24 60 295933
24 4 364046
23 54 284891
23 14 319856
23 25 284891
23 47 284891
23 50 284891
22 40 388761
22 12 287924
21 52 490971
21 40 358418
21 13 338945
20 8 406180
20 57 412003
19 57 486561
19 37 486561
18 44 351057
18 16 320960
17 43 504000
17 63 504000
16 26 320960
16 5 389687
16 18 320960
15 39 395720
15 12 287924
15 61 395720
15 6 395720
14 23 319856
14 25 319856
14 58 319856
13 40 338945
13 30 338945
13 0 421895
13 21 338945
12 64 287924
12 39 287924
12 15 287924
12 42 287924
12 61 287924
12 22 287924
11 59 504000
11 34 305028
10 34 305028
9 46 276201
9 27 276201
9 32 276201
9 1 294306
9 41 276201
9 29 276201
8 32 406180
8 20 406180
8 29 406180
7 44 419378
7 34 419378
6 39 290640
6 15 395720
5 62 389687
5 16 389687
4 24 364046
4 50 364046
3 58 331595
3 48 331595
2 27 471853
2 51 471853
2 29 471853
1 53 294306
1 38 294306
1 9 294306
0 42 421895
0 13 421895
0 30 421895
