@nodes
label table_size
64 807
63 807
62 807
61 807
60 807
59 807
58 807
57 807
56 807
55 807
54 807
53 807
52 807
51 807
50 807
49 807
48 807
47 807
46 807
45 807
44 807
43 807
42 807
41 807
40 807
39 807
38 807
37 807
36 807
35 807
34 807
33 807
32 807
31 807
30 807
29 807
28 807
27 807
26 807
25 807
24 807
23 807
22 807
21 807
20 807
19 807
18 807
17 807
16 807
15 807
14 807
13 807
12 807
11 807
10 807
9 807
8 807
7 807
6 807
5 807
4 807
3 807
2 807
1 807
0 807
@arcs
       bandwidth
64 12 261134
64 42 276335
64 45 269747
63 33 504000
63 17 504000
62 58 261769
62 29 259393
62 5 289991
62 32 263330
62 26 273921
62 24 265932
61 15 265082
61 12 261134
60 47 282017
60 24 265932
59 58 261769
59 11 278076
59 56 309627
58 62 261769
58 59 261769
58 34 264632
58 56 309627
58 3 274599
58 44 261725
58 14 270241
57 19 291435
57 29 259393
57 20 324397
56 59 309627
56 58 309627
55 54 269054
55 43 504000
54 27 262901
54 23 262516
54 50 273364
54 55 269054
54 51 280101
54 33 269054
53 1 267121
53 36 283320
52 35 350481
52 21 294113
52 27 262901
51 54 280101
51 29 259393
51 2 298483
50 54 273364
50 23 262516
50 4 288452
49 39 262107
49 35 350481
48 25 270149
48 3 274599
48 26 273921
47 60 282017
47 23 262516
46 9 260464
46 44 261725
46 41 267790
45 27 262901
45 38 267285
45 64 269747
45 36 283320
44 58 261725
44 46 261725
44 34 264632
44 41 267790
44 18 288000
44 7 282827
43 55 504000
43 17 504000
42 64 276335
42 12 261134
42 0 278497
41 46 267790
41 44 267790
41 9 260464
40 13 269008
40 22 273720
40 21 294113
39 29 259393
39 15 265082
39 12 261134
39 49 262107
39 6 288360
38 45 267285
38 27 262901
38 1 267121
38 30 263051
37 19 291435
37 24 265932
37 32 263330
36 45 283320
36 53 283320
35 52 350481
35 49 350481
34 58 264632
34 44 264632
34 10 482833
34 11 278076
34 7 282827
33 63 504000
33 54 269054
32 62 263330
32 29 259393
32 37 263330
32 9 260464
32 8 283053
31 30 263051
31 27 262901
30 13 269008
30 38 263051
30 31 263051
30 27 262901
30 0 278497
29 62 259393
29 39 259393
29 57 259393
29 51 259393
29 32 259393
29 28 300780
29 27 262901
29 9 260464
29 8 283053
29 2 298483
28 29 300780
28 27 262901
27 54 262901
27 45 262901
27 38 262901
27 9 260464
27 2 298483
27 52 262901
27 30 262901
27 28 262901
27 29 262901
27 31 262901
26 62 273921
26 16 275276
26 48 273921
25 48 270149
25 14 270241
25 23 262516
24 62 265932
24 37 265932
24 60 265932
24 4 288452
23 54 262516
23 14 270241
23 25 262516
23 47 262516
23 50 262516
22 40 273720
22 12 261134
21 52 294113
21 40 294113
21 13 269008
20 8 283053
20 57 324397
19 57 291435
19 37 291435
18 44 288000
18 16 275276
17 43 504000
17 63 504000
16 26 275276
16 5 289991
16 18 275276
15 39 265082
15 12 261134
15 61 265082
15 6 288360
14 23 270241
14 25 270241
14 58 270241
13 40 269008
13 30 269008
13 0 278497
13 21 269008
12 64 261134
12 39 261134
12 15 261134
12 42 261134
12 61 261134
12 22 261134
11 59 278076
11 34 278076
10 34 482833
9 46 260464
9 27 260464
9 32 260464
9 1 267121
9 41 260464
9 29 260464
8 32 283053
8 20 283053
8 29 283053
7 44 282827
7 34 282827
6 39 288360
6 15 288360
5 62 289991
5 16 289991
4 24 288452
4 50 288452
3 58 274599
3 48 274599
2 27 298483
2 51 298483
2 29 298483
1 53 267121
1 38 267121
1 9 267121
0 42 278497
0 13 278497
0 30 278497
