@nodes
label table_size
10 24
9 24
8 24
7 24
6 24
5 24
4 24
3 24
2 24
1 24
0 24
@arcs
       bandwidth
10 8 28.4612
10 7 27.6721
10 6 29.2226
10 2 29.2226
10 1 26.7341
10 9 28.8106
9 8 28.4612
9 7 27.6721
9 6 29.2226
9 2 28.8106
9 1 26.7341
9 10 28.8106
9 0 28.8106
8 7 27.6721
8 6 29.2226
8 5 29.7154
8 1 26.7341
8 10 28.4612
8 9 28.4612
8 0 28.4612
7 8 27.6721
7 6 29.2226
7 5 29.7154
7 4 28.0263
7 0 27.6721
7 1 26.7341
7 10 27.6721
7 9 27.6721
6 8 29.2226
6 7 29.2226
6 4 28.0263
6 0 29.2226
6 10 29.2226
6 9 29.2226
5 8 29.7154
5 7 29.7154
5 4 28.0263
5 3 29.7154
5 2 29.7154
5 1 26.7341
4 7 28.0263
4 6 28.0263
4 5 28.0263
4 3 28.0263
4 2 28.0263
4 1 26.7341
3 5 29.7154
3 4 28.0263
3 2 30
3 1 26.7341
2 5 29.7154
2 4 28.0263
2 3 30
2 1 26.7341
2 10 29.2226
2 9 28.8106
1 8 26.7341
1 7 26.7341
1 5 26.7341
1 4 26.7341
1 3 26.7341
1 2 26.7341
1 10 26.7341
1 9 26.7341
0 7 27.6721
0 6 29.2226
0 9 28.8106
0 8 28.4612
