@nodes
label table_size
13 45
12 45
11 45
10 45
9 45
8 45
7 45
6 45
5 45
4 45
3 45
2 45
1 45
0 45
@arcs
       bandwidth
13 5 13.913
13 1 15.4217
13 0 15.0562
12 6 16.338
12 2 15.1724
12 0 15.0562
11 4 14.2056
11 3 17.377
11 2 15.1724
11 1 15.4217
10 9 18.8235
10 8 16.9231
10 5 13.913
10 4 16.9231
9 10 18.8235
9 6 16.338
9 3 17.377
8 10 16.9231
8 6 16.338
8 3 17.377
7 5 13.913
7 2 15.1724
6 12 16.338
6 9 16.338
6 8 16.338
5 13 13.913
5 10 13.913
5 7 13.913
4 11 14.2056
4 10 16.9231
3 11 17.377
3 9 17.377
3 8 17.377
2 12 15.1724
2 11 15.1724
2 7 15.1724
1 13 15.4217
1 11 15.4217
1 0 15.0562
0 13 15.0562
0 12 15.0562
0 1 15.0562
