@nodes
label table_size
13 45
12 45
11 45
10 45
9 45
8 45
7 45
6 45
5 45
4 45
3 45
2 45
1 45
0 45
@arcs
       bandwidth
13 5 14.8387
13 1 18.1818
13 0 16.7164
12 6 17.377
12 2 15.5556
12 0 16.7164
11 4 14.8387
11 3 18.1818
11 2 15.5556
11 1 18.1818
10 9 18.8235
10 8 18.8235
10 5 14.8387
10 4 18.8235
9 10 18.8235
9 6 17.377
9 3 18.1818
8 10 18.8235
8 6 17.377
8 3 18.1818
7 5 14.8387
7 2 15.5556
6 12 17.377
6 9 17.377
6 8 17.377
5 13 14.8387
5 10 14.8387
5 7 14.8387
4 11 14.8387
4 10 18.8235
3 11 18.1818
3 9 18.1818
3 8 18.1818
2 12 15.5556
2 11 15.5556
2 7 15.5556
1 13 18.1818
1 11 18.1818
1 0 16.7164
0 13 16.7164
0 12 16.7164
0 1 16.7164
