@nodes
label table_size
13 45
12 45
11 45
10 45
9 45
8 45
7 45
6 45
5 45
4 45
3 45
2 45
1 45
0 45
@arcs
       bandwidth
13 5 15.4217
13 1 17.8947
13 0 18.4906
12 6 17.6271
12 2 16
12 0 18.4906
11 4 15.4217
11 3 19.1837
11 2 16
11 1 15.4217
10 9 19.5745
10 8 19.5745
10 5 15.4217
10 4 19.5745
9 10 19.5745
9 6 17.6271
9 3 19.1837
8 10 19.5745
8 6 17.6271
8 3 19.1837
7 5 15.4217
7 2 16
6 12 17.6271
6 9 17.6271
6 8 17.6271
5 13 15.4217
5 10 15.4217
5 7 15.4217
4 11 15.4217
4 10 19.5745
3 11 19.1837
3 9 19.1837
3 8 19.1837
2 12 16
2 11 16
2 7 16
1 13 17.8947
1 11 15.4217
1 0 18.4906
0 13 18.4906
0 12 18.4906
0 1 18.4906
