@nodes
label table_size
13 45
12 45
11 45
10 45
9 45
8 45
7 45
6 45
5 45
4 45
3 45
2 45
1 45
0 45
@arcs
       bandwidth
13 5 13.9823
13 1 16
13 0 15.1724
12 6 16.5217
12 2 14.8387
12 0 15.1724
11 4 14.4554
11 3 17.6271
11 2 14.8387
11 1 16
10 9 18.4906
10 8 17.8947
10 5 13.9823
10 4 17.8947
9 10 18.4906
9 6 16.5217
9 3 17.6271
8 10 17.8947
8 6 16.5217
8 3 17.6271
7 5 13.9823
7 2 14.8387
6 12 16.5217
6 9 16.5217
6 8 16.5217
5 13 13.9823
5 10 13.9823
5 7 13.9823
4 11 14.4554
4 10 17.8947
3 11 17.6271
3 9 17.6271
3 8 17.6271
2 12 14.8387
2 11 14.8387
2 7 14.8387
1 13 16
1 11 16
1 0 15.1724
0 13 15.1724
0 12 15.1724
0 1 15.1724
