@nodes
label table_size
11 26
10 26
9 26
8 26
7 26
6 26
5 26
4 26
3 26
2 26
1 26
0 26
@arcs
       bandwidth
11 7 146.01
11 6 151.254
11 3 148.34
10 6 151.254
10 5 149.237
10 4 144.104
10 1 146.01
10 0 144.7
9 7 146.01
9 2 146.01
8 5 149.237
8 4 144.104
7 11 146.01
7 9 146.01
7 1 146.01
6 11 151.254
6 10 151.254
6 3 148.34
5 0 144.7
5 10 149.237
5 8 149.237
4 10 144.104
4 8 144.104
4 3 148.34
3 11 148.34
3 6 148.34
3 4 148.34
2 9 146.01
2 1 146.01
2 0 144.7
1 10 146.01
1 7 146.01
1 2 146.01
0 5 144.7
0 2 144.7
0 10 144.7
