@nodes
label table_size
49 331
48 331
47 331
46 331
45 331
44 331
43 331
42 331
41 331
40 331
39 331
38 331
37 331
36 331
35 331
34 331
33 331
32 331
31 331
30 331
29 331
28 331
27 331
26 331
25 331
24 331
23 331
22 331
21 331
20 331
19 331
18 331
17 331
16 331
15 331
14 331
13 331
12 331
11 331
10 331
9 331
8 331
7 331
6 331
5 331
4 331
3 331
2 331
1 331
0 331
@arcs
       bandwidth
49 37 27.2988
49 1 35.5035
49 45 28.9098
49 18 27.5142
49 13 24.6653
48 36 39.6439
48 38 27.1259
48 0 29.6642
48 14 36.0291
47 1 35.5035
47 45 28.9098
46 42 31.4731
46 28 26.574
46 0 29.6642
45 49 28.9098
45 30 32.467
45 47 28.9098
45 24 25.2581
44 19 30.2318
44 4 29.925
44 28 26.574
44 10 29.9549
43 27 28.7682
43 21 25.8949
43 20 37.2846
43 32 29.9549
43 3 24.4459
42 24 25.2581
42 46 31.4731
42 23 28.5199
41 37 27.2988
41 40 40
41 34 27.9663
40 41 40
40 34 27.9663
39 22 26.8459
39 38 27.1259
39 35 37.6533
38 39 27.1259
38 36 39.6439
38 6 28.3904
38 48 27.1259
37 41 27.2988
37 49 27.2988
37 2 32.2366
37 34 27.9663
36 38 39.6439
36 48 39.6439
35 39 37.6533
35 4 29.925
35 10 29.9549
34 41 27.9663
34 37 27.9663
34 40 27.9663
34 26 27.9663
34 1 35.5035
33 24 25.2581
33 9 31.7584
32 5 28.3692
32 43 29.9549
32 31 24.9962
32 3 24.4459
31 2 32.2366
31 32 24.9962
31 13 24.6653
31 11 25.5584
31 3 24.4459
30 26 32.467
30 17 37.748
30 45 32.467
29 28 26.574
29 0 29.6642
29 12 37.3753
28 46 26.574
28 23 28.5199
28 16 28.3061
28 44 26.574
28 29 26.574
27 15 36.5087
27 21 25.8949
27 43 28.7682
26 34 27.9663
26 30 32.467
25 18 27.5142
25 19 30.2318
25 5 28.3692
25 13 24.6653
25 10 29.9549
24 17 37.748
24 45 25.2581
24 42 25.2581
24 23 28.5199
24 33 25.2581
23 24 28.5199
23 42 28.5199
23 9 31.7584
23 28 28.5199
22 39 26.8459
22 5 28.3692
22 4 29.925
22 6 28.3904
22 21 25.8949
21 5 28.3692
21 22 25.8949
21 27 25.8949
21 43 25.8949
20 43 37.2846
20 3 24.4459
19 18 27.5142
19 16 28.3061
19 25 30.2318
19 44 30.2318
18 49 27.5142
18 19 27.5142
18 16 28.3061
18 25 27.5142
17 30 37.748
17 24 37.748
16 18 28.3061
16 19 28.3061
16 9 31.7584
16 28 28.3061
15 7 35.9518
15 27 36.5087
14 48 36.0291
14 10 29.9549
14 12 37.3753
13 49 24.6653
13 25 24.6653
13 8 33.5934
13 11 25.5584
13 31 24.6653
12 29 37.3753
12 14 37.3753
11 8 33.5934
11 13 25.5584
11 31 25.5584
11 3 24.4459
10 25 29.9549
10 44 29.9549
10 35 29.9549
10 14 29.9549
9 23 31.7584
9 33 31.7584
9 16 31.7584
8 2 32.2366
8 13 33.5934
8 11 33.5934
7 15 35.9518
7 6 28.3904
6 22 28.3904
6 7 28.3904
6 38 28.3904
5 25 28.3692
5 4 29.925
5 22 28.3692
5 21 28.3692
5 32 28.3692
4 5 29.925
4 22 29.925
4 44 29.925
4 35 29.925
3 20 24.4459
3 32 24.4459
3 43 24.4459
3 11 24.4459
3 31 24.4459
2 37 32.2366
2 8 32.2366
2 31 32.2366
1 49 35.5035
1 34 35.5035
1 47 35.5035
0 46 29.6642
0 48 29.6642
0 29 29.6642
