@nodes
label table_size
49 331
48 331
47 331
46 331
45 331
44 331
43 331
42 331
41 331
40 331
39 331
38 331
37 331
36 331
35 331
34 331
33 331
32 331
31 331
30 331
29 331
28 331
27 331
26 331
25 331
24 331
23 331
22 331
21 331
20 331
19 331
18 331
17 331
16 331
15 331
14 331
13 331
12 331
11 331
10 331
9 331
8 331
7 331
6 331
5 331
4 331
3 331
2 331
1 331
0 331
@arcs
       bandwidth
49 37 21.9994
49 1 23.369
49 45 22.1741
49 18 22.8621
49 13 21.6883
48 36 25.184
48 38 22.3977
48 0 23.7045
48 14 25.549
47 1 23.369
47 45 22.1741
46 42 22.7457
46 28 22.0018
46 0 23.7045
45 49 22.1741
45 30 22.7734
45 47 22.1741
45 24 21.496
44 19 23.1965
44 4 22.5258
44 28 22.0018
44 10 23.2627
43 27 22.5162
43 21 21.7916
43 20 23.8646
43 32 22.4766
43 3 21.5152
42 24 21.496
42 46 22.7457
42 23 22.1293
41 37 21.9994
41 40 30.9061
41 34 21.9362
40 41 30.9061
40 34 21.9362
39 22 22.3719
39 38 22.3977
39 35 24.1609
38 39 22.3977
38 36 25.184
38 6 22.882
38 48 22.3977
37 41 21.9994
37 49 21.9994
37 2 23.6037
37 34 21.9362
36 38 25.184
36 48 25.184
35 39 24.1609
35 4 22.5258
35 10 23.2627
34 41 21.9362
34 37 21.9362
34 40 21.9362
34 26 25.0806
34 1 23.369
33 24 21.496
33 9 22.7572
32 5 22.1528
32 43 22.4766
32 31 21.6571
32 3 21.5152
31 2 23.6037
31 32 21.6571
31 13 21.6883
31 11 21.9767
31 3 21.5152
30 26 25.0806
30 17 23.9148
30 45 22.7734
29 28 22.0018
29 0 23.7045
29 12 26.0237
28 46 22.0018
28 23 22.1293
28 16 22.6769
28 44 22.0018
28 29 22.0018
27 15 24.1978
27 21 21.7916
27 43 22.5162
26 34 25.0806
26 30 25.0806
25 18 22.8621
25 19 23.1965
25 5 22.1528
25 13 21.6883
25 10 23.2627
24 17 23.9148
24 45 21.496
24 42 21.496
24 23 22.1293
24 33 21.496
23 24 22.1293
23 42 22.1293
23 9 22.7572
23 28 22.1293
22 39 22.3719
22 5 22.1528
22 4 22.5258
22 6 22.882
22 21 21.7916
21 5 22.1528
21 22 21.7916
21 27 21.7916
21 43 21.7916
20 43 23.8646
20 3 21.5152
19 18 22.8621
19 16 22.6769
19 25 23.1965
19 44 23.1965
18 49 22.8621
18 19 22.8621
18 16 22.6769
18 25 22.8621
17 30 23.9148
17 24 23.9148
16 18 22.6769
16 19 22.6769
16 9 22.7572
16 28 22.6769
15 7 24.2032
15 27 24.1978
14 48 25.549
14 10 23.2627
14 12 26.0237
13 49 21.6883
13 25 21.6883
13 8 24.0789
13 11 21.9767
13 31 21.6883
12 29 26.0237
12 14 26.0237
11 8 24.0789
11 13 21.9767
11 31 21.9767
11 3 21.5152
10 25 23.2627
10 44 23.2627
10 35 23.2627
10 14 23.2627
9 23 22.7572
9 33 22.7572
9 16 22.7572
8 2 23.6037
8 13 24.0789
8 11 24.0789
7 15 24.2032
7 6 22.882
6 22 22.882
6 7 22.882
6 38 22.882
5 25 22.1528
5 4 22.5258
5 22 22.1528
5 21 22.1528
5 32 22.1528
4 5 22.5258
4 22 22.5258
4 44 22.5258
4 35 22.5258
3 20 21.5152
3 32 21.5152
3 43 21.5152
3 11 21.5152
3 31 21.5152
2 37 23.6037
2 8 23.6037
2 31 23.6037
1 49 23.369
1 34 23.369
1 47 23.369
0 46 23.7045
0 48 23.7045
0 29 23.7045
