@nodes
label table_size
49 331
48 331
47 331
46 331
45 331
44 331
43 331
42 331
41 331
40 331
39 331
38 331
37 331
36 331
35 331
34 331
33 331
32 331
31 331
30 331
29 331
28 331
27 331
26 331
25 331
24 331
23 331
22 331
21 331
20 331
19 331
18 331
17 331
16 331
15 331
14 331
13 331
12 331
11 331
10 331
9 331
8 331
7 331
6 331
5 331
4 331
3 331
2 331
1 331
0 331
@arcs
       bandwidth
49 37 22.6618
49 1 24.6851
49 45 22.978
49 18 23.6635
49 13 22.2089
48 36 27.0053
48 38 23.3384
48 0 24.6326
48 14 27.4972
47 1 24.6851
47 45 22.978
46 42 23.7807
46 28 22.7098
46 0 24.6326
45 49 22.978
45 30 23.8024
45 47 22.978
45 24 22.0363
44 19 24.3987
44 4 23.5119
44 28 22.7098
44 10 24.6784
43 27 23.6076
43 21 22.4564
43 20 25.4666
43 32 23.5881
43 3 22.0115
42 24 22.0363
42 46 23.7807
42 23 22.9125
41 37 22.6618
41 40 34.7439
41 34 22.6239
40 41 34.7439
40 34 22.6239
39 22 23.2595
39 38 23.3384
39 35 26.4334
38 39 23.3384
38 36 27.0053
38 6 23.8873
38 48 23.3384
37 41 22.6618
37 49 22.6618
37 2 24.3639
37 34 22.6239
36 38 27.0053
36 48 27.0053
35 39 26.4334
35 4 23.5119
35 10 24.6784
34 41 22.6239
34 37 22.6239
34 40 22.6239
34 26 27.4299
34 1 24.6851
33 24 22.0363
33 9 23.9522
32 5 23.1449
32 43 23.5881
32 31 22.2118
32 3 22.0115
31 2 24.3639
31 32 22.2118
31 13 22.2089
31 11 22.5849
31 3 22.0115
30 26 27.4299
30 17 25.5771
30 45 23.8024
29 28 22.7098
29 0 24.6326
29 12 27.8716
28 46 22.7098
28 23 22.9125
28 16 23.5496
28 44 22.7098
28 29 22.7098
27 15 26.1927
27 21 22.4564
27 43 23.6076
26 34 27.4299
26 30 27.4299
25 18 23.6635
25 19 24.3987
25 5 23.1449
25 13 22.2089
25 10 24.6784
24 17 25.5771
24 45 22.0363
24 42 22.0363
24 23 22.9125
24 33 22.0363
23 24 22.9125
23 42 22.9125
23 9 23.9522
23 28 22.9125
22 39 23.2595
22 5 23.1449
22 4 23.5119
22 6 23.8873
22 21 22.4564
21 5 23.1449
21 22 22.4564
21 27 22.4564
21 43 22.4564
20 43 25.4666
20 3 22.0115
19 18 23.6635
19 16 23.5496
19 25 24.3987
19 44 24.3987
18 49 23.6635
18 19 23.6635
18 16 23.5496
18 25 23.6635
17 30 25.5771
17 24 25.5771
16 18 23.5496
16 19 23.5496
16 9 23.9522
16 28 23.5496
15 7 26.1467
15 27 26.1927
14 48 27.4972
14 10 24.6784
14 12 27.8716
13 49 22.2089
13 25 22.2089
13 8 24.9662
13 11 22.5849
13 31 22.2089
12 29 27.8716
12 14 27.8716
11 8 24.9662
11 13 22.5849
11 31 22.5849
11 3 22.0115
10 25 24.6784
10 44 24.6784
10 35 24.6784
10 14 24.6784
9 23 23.9522
9 33 23.9522
9 16 23.9522
8 2 24.3639
8 13 24.9662
8 11 24.9662
7 15 26.1467
7 6 23.8873
6 22 23.8873
6 7 23.8873
6 38 23.8873
5 25 23.1449
5 4 23.5119
5 22 23.1449
5 21 23.1449
5 32 23.1449
4 5 23.5119
4 22 23.5119
4 44 23.5119
4 35 23.5119
3 20 22.0115
3 32 22.0115
3 43 22.0115
3 11 22.0115
3 31 22.0115
2 37 24.3639
2 8 24.3639
2 31 24.3639
1 49 24.6851
1 34 24.6851
1 47 24.6851
0 46 24.6326
0 48 24.6326
0 29 24.6326
