@nodes
label table_size
49 331
48 331
47 331
46 331
45 331
44 331
43 331
42 331
41 331
40 331
39 331
38 331
37 331
36 331
35 331
34 331
33 331
32 331
31 331
30 331
29 331
28 331
27 331
26 331
25 331
24 331
23 331
22 331
21 331
20 331
19 331
18 331
17 331
16 331
15 331
14 331
13 331
12 331
11 331
10 331
9 331
8 331
7 331
6 331
5 331
4 331
3 331
2 331
1 331
0 331
@arcs
       bandwidth
49 37 20.6162
49 1 20.9413
49 45 20.5768
49 18 20.944
49 13 20.5975
48 36 21.8063
48 38 20.9211
48 0 21.3806
48 14 22.1812
47 1 20.9413
47 45 20.5768
46 42 20.7753
46 28 20.6438
46 0 21.3806
45 49 20.5768
45 30 20.7587
45 47 20.5768
45 24 20.4155
44 19 20.9065
44 4 20.7027
44 28 20.6438
44 10 20.959
43 27 20.7332
43 21 20.5497
43 20 21.2243
43 32 20.7474
43 3 20.4913
42 24 20.4155
42 46 20.7753
42 23 20.5848
41 37 20.6162
41 40 22.1252
41 34 20.563
40 41 22.1252
40 34 20.563
39 22 20.7397
39 38 20.9211
39 35 21.0689
38 39 20.9211
38 36 21.8063
38 6 21.013
38 48 20.9211
37 41 20.6162
37 49 20.6162
37 2 21.3916
37 34 20.563
36 38 21.8063
36 48 21.8063
35 39 21.0689
35 4 20.7027
35 10 20.959
34 41 20.563
34 37 20.563
34 40 20.563
34 26 21.2882
34 1 20.9413
33 24 20.4155
33 9 20.7319
32 5 20.6413
32 43 20.7474
32 31 20.5534
32 3 20.4913
31 2 21.3916
31 32 20.5534
31 13 20.5975
31 11 20.6249
31 3 20.4913
30 26 21.2882
30 17 21.0136
30 45 20.7587
29 28 20.6438
29 0 21.3806
29 12 22.2448
28 46 20.6438
28 23 20.5848
28 16 20.8616
28 44 20.6438
28 29 20.6438
27 15 21.2583
27 21 20.5497
27 43 20.7332
26 34 21.2882
26 30 21.2882
25 18 20.944
25 19 20.9065
25 5 20.6413
25 13 20.5975
25 10 20.959
24 17 21.0136
24 45 20.4155
24 42 20.4155
24 23 20.5848
24 33 20.4155
23 24 20.5848
23 42 20.5848
23 9 20.7319
23 28 20.5848
22 39 20.7397
22 5 20.6413
22 4 20.7027
22 6 21.013
22 21 20.5497
21 5 20.6413
21 22 20.5497
21 27 20.5497
21 43 20.5497
20 43 21.2243
20 3 20.4913
19 18 20.944
19 16 20.8616
19 25 20.9065
19 44 20.9065
18 49 20.944
18 19 20.944
18 16 20.8616
18 25 20.944
17 30 21.0136
17 24 21.0136
16 18 20.8616
16 19 20.8616
16 9 20.7319
16 28 20.8616
15 7 21.2675
15 27 21.2583
14 48 22.1812
14 10 20.959
14 12 22.2448
13 49 20.5975
13 25 20.5975
13 8 21.2892
13 11 20.6249
13 31 20.5975
12 29 22.2448
12 14 22.2448
11 8 21.2892
11 13 20.6249
11 31 20.6249
11 3 20.4913
10 25 20.959
10 44 20.959
10 35 20.959
10 14 20.959
9 23 20.7319
9 33 20.7319
9 16 20.7319
8 2 21.3916
8 13 21.2892
8 11 21.2892
7 15 21.2675
7 6 21.013
6 22 21.013
6 7 21.013
6 38 21.013
5 25 20.6413
5 4 20.7027
5 22 20.6413
5 21 20.6413
5 32 20.6413
4 5 20.7027
4 22 20.7027
4 44 20.7027
4 35 20.7027
3 20 20.4913
3 32 20.4913
3 43 20.4913
3 11 20.4913
3 31 20.4913
2 37 21.3916
2 8 21.3916
2 31 21.3916
1 49 20.9413
1 34 20.9413
1 47 20.9413
0 46 21.3806
0 48 21.3806
0 29 21.3806
