@nodes
label table_size
49 331
48 331
47 331
46 331
45 331
44 331
43 331
42 331
41 331
40 331
39 331
38 331
37 331
36 331
35 331
34 331
33 331
32 331
31 331
30 331
29 331
28 331
27 331
26 331
25 331
24 331
23 331
22 331
21 331
20 331
19 331
18 331
17 331
16 331
15 331
14 331
13 331
12 331
11 331
10 331
9 331
8 331
7 331
6 331
5 331
4 331
3 331
2 331
1 331
0 331
@arcs
       bandwidth
49 37 26.7208
49 1 32.1468
49 45 27.0351
49 18 26.6801
49 13 24.2572
48 36 34.9436
48 38 26.1696
48 0 28.2854
48 14 34.6785
47 1 32.1468
47 45 27.0351
46 42 28.4981
46 28 25.3953
46 0 28.2854
45 49 27.0351
45 30 30.9421
45 47 27.0351
45 24 24.3639
44 19 27.9855
44 4 27.8158
44 28 25.3953
44 10 28.348
43 27 27.9855
43 21 25.1922
43 20 37.5597
43 32 28.327
43 3 24.1195
42 24 24.3639
42 46 28.4981
42 23 26.6134
41 37 26.7208
41 40 40
41 34 27.0351
40 41 40
40 34 27.0351
39 22 26.1014
39 38 26.1696
39 35 34.1756
38 39 26.1696
38 36 34.9436
38 6 27.618
38 48 26.1696
37 41 26.7208
37 49 26.7208
37 2 30.592
37 34 27.0351
36 38 34.9436
36 48 34.9436
35 39 34.1756
35 4 27.8158
35 10 28.348
34 41 27.0351
34 37 27.0351
34 40 27.0351
34 26 27.0351
34 1 32.1468
33 24 24.3639
33 9 28.4547
32 5 27.0201
32 43 28.327
32 31 24.5126
32 3 24.1195
31 2 30.592
31 32 24.5126
31 13 24.2572
31 11 25.1922
31 3 24.1195
30 26 30.9421
30 17 35.7245
30 45 30.9421
29 28 25.3953
29 0 28.2854
29 12 35.1487
28 46 25.3953
28 23 26.6134
28 16 26.3228
28 44 25.3953
28 29 25.3953
27 15 34.3601
27 21 25.1922
27 43 27.9855
26 34 27.0351
26 30 30.9421
25 18 26.6801
25 19 27.9855
25 5 27.0201
25 13 24.2572
25 10 28.348
24 17 35.7245
24 45 24.3639
24 42 24.3639
24 23 26.6134
24 33 24.3639
23 24 26.6134
23 42 26.6134
23 9 28.4547
23 28 26.6134
22 39 26.1014
22 5 27.0201
22 4 27.8158
22 6 27.618
22 21 25.1922
21 5 27.0201
21 22 25.1922
21 27 25.1922
21 43 25.1922
20 43 37.5597
20 3 24.1195
19 18 26.6801
19 16 26.3228
19 25 27.9855
19 44 27.9855
18 49 26.6801
18 19 26.6801
18 16 26.3228
18 25 26.6801
17 30 35.7245
17 24 35.7245
16 18 26.3228
16 19 26.3228
16 9 28.4547
16 28 26.3228
15 7 34.1756
15 27 34.3601
14 48 34.6785
14 10 28.348
14 12 35.1487
13 49 24.2572
13 25 24.2572
13 8 32.3277
13 11 25.1922
13 31 24.2572
12 29 35.1487
12 14 35.1487
11 8 32.3277
11 13 25.1922
11 31 25.1922
11 3 24.1195
10 25 28.348
10 44 28.348
10 35 28.348
10 14 28.348
9 23 28.4547
9 33 28.4547
9 16 28.4547
8 2 30.592
8 13 32.3277
8 11 32.3277
7 15 34.1756
7 6 27.618
6 22 27.618
6 7 27.618
6 38 27.618
5 25 27.0201
5 4 27.8158
5 22 27.0201
5 21 27.0201
5 32 27.0201
4 5 27.8158
4 22 27.8158
4 44 27.8158
4 35 27.8158
3 20 24.1195
3 32 24.1195
3 43 24.1195
3 11 24.1195
3 31 24.1195
2 37 30.592
2 8 30.592
2 31 30.592
1 49 32.1468
1 34 32.1468
1 47 32.1468
0 46 28.2854
0 48 28.2854
0 29 28.2854
