@nodes
label table_size
14 105
13 105
12 105
11 105
10 105
9 105
8 105
7 105
6 105
5 105
4 105
3 105
2 105
1 105
0 105
@arcs
       bandwidth
14 8 658.61
14 7 644.628
13 12 650.43
13 10 810.651
13 6 621.81
12 13 650.43
12 10 810.651
12 5 614.88
11 9 663.551
11 8 658.61
10 13 810.651
10 12 810.651
9 11 663.551
9 8 658.61
9 6 621.81
8 14 658.61
8 11 658.61
8 9 658.61
8 7 644.628
7 14 644.628
7 8 644.628
7 2 763.819
7 0 723.404
6 13 621.81
6 9 621.81
6 0 723.404
5 12 614.88
5 3 701.149
5 1 857.143
5 0 723.404
4 3 701.149
4 2 763.819
4 1 857.143
3 5 701.149
3 4 701.149
2 7 763.819
2 4 763.819
2 1 857.143
1 5 857.143
1 4 857.143
1 2 857.143
0 7 723.404
0 6 723.404
0 5 723.404
