@nodes
label table_size
14 105
13 105
12 105
11 105
10 105
9 105
8 105
7 105
6 105
5 105
4 105
3 105
2 105
1 105
0 105
@arcs
       bandwidth
14 8 575.977
14 7 579.186
13 12 600.768
13 10 712.551
13 6 574.468
12 13 600.768
12 10 712.551
12 5 572.414
11 9 584.541
11 8 575.977
10 13 712.551
10 12 712.551
9 11 584.541
9 8 575.977
9 6 574.468
8 14 575.977
8 11 575.977
8 9 575.977
8 7 579.186
7 14 579.186
7 8 579.186
7 2 655.786
7 0 610.526
6 13 574.468
6 9 574.468
6 0 610.526
5 12 572.414
5 3 635.659
5 1 686.833
5 0 610.526
4 3 635.659
4 2 655.786
4 1 686.833
3 5 635.659
3 4 635.659
2 7 655.786
2 4 655.786
2 1 686.833
1 5 686.833
1 4 686.833
1 2 686.833
0 7 610.526
0 6 610.526
0 5 610.526
