@nodes
label table_size
14 105
13 105
12 105
11 105
10 105
9 105
8 105
7 105
6 105
5 105
4 105
3 105
2 105
1 105
0 105
@arcs
       bandwidth
14 8 793.296
14 7 725.322
13 12 702.703
13 10 972.973
13 6 668.81
12 13 702.703
12 10 972.973
12 5 655.786
11 9 772.021
11 8 793.296
10 13 972.973
10 12 972.973
9 11 772.021
9 8 793.296
9 6 668.81
8 14 793.296
8 11 793.296
8 9 793.296
8 7 725.322
7 14 725.322
7 8 725.322
7 2 941.176
7 0 807.018
6 13 668.81
6 9 668.81
6 0 807.018
5 12 655.786
5 3 796.61
5 1 655.786
5 0 807.018
4 3 796.61
4 2 941.176
4 1 843.137
3 5 796.61
3 4 796.61
2 7 941.176
2 4 941.176
2 1 941.176
1 5 655.786
1 4 843.137
1 2 941.176
0 7 807.018
0 6 807.018
0 5 807.018
