@nodes
label table_size
14 105
13 105
12 105
11 105
10 105
9 105
8 105
7 105
6 105
5 105
4 105
3 105
2 105
1 105
0 105
@arcs
       bandwidth
14 8 600.382
14 7 608.696
13 12 624.113
13 10 753.623
13 6 591.304
12 13 624.113
12 10 753.623
12 5 590.051
11 9 604.374
11 8 600.382
10 13 753.623
10 12 753.623
9 11 604.374
9 8 600.382
9 6 591.304
8 14 600.382
8 11 600.382
8 9 600.382
8 7 608.696
7 14 608.696
7 8 608.696
7 2 701.149
7 0 669.903
6 13 591.304
6 9 591.304
6 0 669.903
5 12 590.051
5 3 654.867
5 1 756.098
5 0 669.903
4 3 654.867
4 2 701.149
4 1 756.098
3 5 654.867
3 4 654.867
2 7 701.149
2 4 701.149
2 1 756.098
1 5 756.098
1 4 756.098
1 2 756.098
0 7 669.903
0 6 669.903
0 5 669.903
