@nodes
label table_size
14 105
13 105
12 105
11 105
10 105
9 105
8 105
7 105
6 105
5 105
4 105
3 105
2 105
1 105
0 105
@arcs
       bandwidth
14 8 1000
14 7 822.086
13 12 838.71
13 10 843.137
13 6 763.819
12 13 838.71
12 10 838.71
12 5 704.28
11 9 972.973
11 8 1000
10 13 843.137
10 12 838.71
9 11 972.973
9 8 972.973
9 6 763.819
8 14 1000
8 11 1000
8 9 972.973
8 7 822.086
7 14 822.086
7 8 822.086
7 2 822.086
7 0 857.143
6 13 763.819
6 9 763.819
6 0 857.143
5 12 704.28
5 3 956.522
5 1 704.28
5 0 857.143
4 3 956.522
4 2 981.651
4 1 981.651
3 5 956.522
3 4 956.522
2 7 822.086
2 4 981.651
2 1 1000
1 5 704.28
1 4 981.651
1 2 1000
0 7 857.143
0 6 857.143
0 5 857.143
