@nodes
label table_size
14 105
13 105
12 105
11 105
10 105
9 105
8 105
7 105
6 105
5 105
4 105
3 105
2 105
1 105
0 105
@arcs
       bandwidth
14 8 628.993
14 7 628.993
13 12 656.716
13 10 894.737
13 6 615.894
12 13 656.716
12 10 894.737
12 5 604.79
11 9 636.364
11 8 628.993
10 13 894.737
10 12 894.737
9 11 636.364
9 8 628.993
9 6 615.894
8 14 628.993
8 11 628.993
8 9 628.993
8 7 628.993
7 14 628.993
7 8 628.993
7 2 729.258
7 0 686.833
6 13 615.894
6 9 615.894
6 0 686.833
5 12 604.79
5 3 690.909
5 1 763.819
5 0 686.833
4 3 690.909
4 2 729.258
4 1 763.819
3 5 690.909
3 4 690.909
2 7 729.258
2 4 729.258
2 1 763.819
1 5 763.819
1 4 763.819
1 2 763.819
0 7 686.833
0 6 686.833
0 5 686.833
