@nodes
label table_size
14 105
13 105
12 105
11 105
10 105
9 105
8 105
7 105
6 105
5 105
4 105
3 105
2 105
1 105
0 105
@arcs
       bandwidth
14 8 548.566
14 7 553.191
13 12 571.042
13 10 640
13 6 547.684
12 13 571.042
12 10 640
12 5 549.763
11 9 554.859
11 8 548.566
10 13 640
10 12 640
9 11 554.859
9 8 548.566
9 6 547.684
8 14 548.566
8 11 548.566
8 9 548.566
8 7 553.191
7 14 553.191
7 8 553.191
7 2 611.465
7 0 566.879
6 13 547.684
6 9 547.684
6 0 566.879
5 12 549.763
5 3 592.267
5 1 629.63
5 0 566.879
4 3 592.267
4 2 611.465
4 1 629.63
3 5 592.267
3 4 592.267
2 7 611.465
2 4 611.465
2 1 629.63
1 5 629.63
1 4 629.63
1 2 629.63
0 7 566.879
0 6 566.879
0 5 566.879
