@nodes
label table_size
14 105
13 105
12 105
11 105
10 105
9 105
8 105
7 105
6 105
5 105
4 105
3 105
2 105
1 105
0 105
@arcs
       bandwidth
14 8 741.935
14 7 701.149
13 12 733.333
13 10 731.278
13 6 686.833
12 13 733.333
12 10 733.333
12 5 650.43
11 9 751.196
11 8 741.935
10 13 731.278
10 12 733.333
9 11 751.196
9 8 741.935
9 6 686.833
8 14 741.935
8 11 741.935
8 9 741.935
8 7 701.149
7 14 701.149
7 8 701.149
7 2 822.086
7 0 780.749
6 13 686.833
6 9 686.833
6 0 780.749
5 12 650.43
5 3 800
5 1 894.737
5 0 780.749
4 3 800
4 2 822.086
4 1 894.737
3 5 800
3 4 800
2 7 822.086
2 4 822.086
2 1 894.737
1 5 894.737
1 4 894.737
1 2 894.737
0 7 780.749
0 6 780.749
0 5 780.749
