@nodes
label table_size
14 105
13 105
12 105
11 105
10 105
9 105
8 105
7 105
6 105
5 105
4 105
3 105
2 105
1 105
0 105
@arcs
       bandwidth
14 8 543.86
14 7 547.684
13 12 566.204
13 10 635.659
13 6 544.379
12 13 566.204
12 10 635.659
12 5 544.529
11 9 547.945
11 8 543.86
10 13 635.659
10 12 635.659
9 11 547.945
9 8 543.86
9 6 544.379
8 14 543.86
8 11 543.86
8 9 543.86
8 7 547.684
7 14 547.684
7 8 547.684
7 2 587.94
7 0 561.692
6 13 544.379
6 9 544.379
6 0 561.692
5 12 544.529
5 3 586.491
5 1 608.247
5 0 561.692
4 3 586.491
4 2 587.94
4 1 608.247
3 5 586.491
3 4 586.491
2 7 587.94
2 4 587.94
2 1 608.247
1 5 608.247
1 4 608.247
1 2 608.247
0 7 561.692
0 6 561.692
0 5 561.692
