@nodes
label table_size
10 55
9 55
8 55
7 55
6 55
5 55
4 55
3 55
2 55
1 55
0 55
@arcs
       bandwidth
10 2 113.319
10 9 94.0856
9 8 147.377
9 7 137.535
9 5 143.077
9 4 149.746
9 3 127.647
9 1 128.855
9 0 145.159
9 10 94.0856
9 6 120.556
9 2 113.319
8 9 147.377
8 6 120.556
8 5 143.077
8 0 145.159
8 7 137.535
8 4 149.746
8 3 127.647
8 2 113.319
8 1 128.855
7 9 137.535
7 6 120.556
7 5 143.077
7 3 127.647
7 2 113.319
7 8 137.535
7 4 149.746
7 1 128.855
7 0 145.159
6 7 120.556
6 8 120.556
6 2 113.319
6 0 145.159
6 9 120.556
6 5 143.077
6 4 149.746
6 3 127.647
6 1 128.855
5 7 143.077
5 8 143.077
5 9 143.077
5 4 149.746
5 1 128.855
5 6 143.077
5 3 127.647
5 2 113.319
5 0 145.159
4 5 149.746
4 9 149.746
4 3 127.647
4 2 113.319
4 6 149.746
4 7 149.746
4 8 149.746
4 1 128.855
4 0 145.159
3 4 127.647
3 7 127.647
3 9 127.647
3 2 113.319
3 0 145.159
3 5 127.647
3 6 127.647
3 8 127.647
3 1 128.855
2 3 113.319
2 4 113.319
2 6 113.319
2 7 113.319
2 1 128.855
2 0 145.159
2 10 113.319
2 5 113.319
2 8 113.319
2 9 113.319
1 2 128.855
1 5 128.855
1 9 128.855
1 0 145.159
1 4 128.855
1 3 128.855
1 6 128.855
1 7 128.855
1 8 128.855
0 9 145.159
0 1 145.159
0 2 145.159
0 3 145.159
0 6 145.159
0 8 145.159
0 4 145.159
0 5 145.159
0 7 145.159
