@nodes
label table_size
27 189
26 189
25 189
24 189
23 189
22 189
21 189
20 189
19 189
18 189
17 189
16 189
15 189
14 189
13 189
12 189
11 189
10 189
9 189
8 189
7 189
6 189
5 189
4 189
3 189
2 189
1 189
0 189
@arcs
       bandwidth
27 23 12.5926
27 14 12.2635
27 16 11.778
26 24 13.2756
26 21 12.9577
26 3 14.4056
25 22 15.8514
25 7 13.5327
25 4 11.6279
24 26 13.2756
24 20 13.1553
24 17 11.6392
23 27 12.5926
23 19 11.2779
23 10 11.5949
22 25 15.8514
22 18 18.0426
21 26 12.9577
21 16 11.778
21 1 12.9577
20 24 13.1553
20 7 13.5327
20 4 11.6279
19 23 11.2779
19 14 12.2635
19 13 14.0299
19 6 12.5784
19 5 13.8182
18 22 18.0426
18 8 16.0383
17 24 11.6392
17 16 11.778
17 10 11.5949
17 4 11.6279
16 27 11.778
16 21 11.778
16 17 11.778
15 5 13.8182
15 2 14.2094
14 27 12.2635
14 19 12.2635
14 2 14.2094
13 19 14.0299
13 9 19.2195
13 0 12.5997
12 10 11.5949
12 4 11.6279
12 0 12.5997
11 9 19.2195
11 0 12.5997
10 23 11.5949
10 17 11.5949
10 12 11.5949
10 6 12.5784
9 13 19.2195
9 11 19.2195
8 18 16.0383
8 4 11.6279
7 25 13.5327
7 20 13.5327
7 3 14.4056
6 19 12.5784
6 10 12.5784
6 0 12.5997
5 19 13.8182
5 15 13.8182
4 25 11.6279
4 20 11.6279
4 17 11.6279
4 12 11.6279
4 8 11.6279
3 26 14.4056
3 7 14.4056
3 1 14.4056
2 15 14.2094
2 14 14.2094
1 21 12.9577
1 3 14.4056
0 13 12.5997
0 12 12.5997
0 11 12.5997
0 6 12.5997
