@nodes
label table_size
27 189
26 189
25 189
24 189
23 189
22 189
21 189
20 189
19 189
18 189
17 189
16 189
15 189
14 189
13 189
12 189
11 189
10 189
9 189
8 189
7 189
6 189
5 189
4 189
3 189
2 189
1 189
0 189
@arcs
       bandwidth
27 23 13.1137
27 14 13.0732
27 16 12.2744
26 24 13.7132
26 21 13.6
26 3 15.71
25 22 18.6301
25 7 14.6437
25 4 12.0521
24 26 13.7132
24 20 13.9958
24 17 12.0432
23 27 13.1137
23 19 11.6307
23 10 11.8919
22 25 18.6301
22 18 18.6301
21 26 13.6
21 16 12.2744
21 1 13.6
20 24 13.9958
20 7 14.6437
20 4 12.0521
19 23 11.6307
19 14 13.0732
19 13 15.5425
19 6 13.3216
19 5 15.1499
18 22 18.6301
18 8 17.4118
17 24 12.0432
17 16 12.2744
17 10 11.8919
17 4 12.0521
16 27 12.2744
16 21 12.2744
16 17 12.2744
15 5 15.1499
15 2 15.9248
14 27 13.0732
14 19 13.0732
14 2 15.9248
13 19 15.5425
13 9 15.5425
13 0 13.3216
12 10 11.8919
12 4 12.0521
12 0 13.3216
11 9 18.4753
11 0 13.3216
10 23 11.8919
10 17 11.8919
10 12 11.8919
10 6 13.3216
9 13 15.5425
9 11 18.4753
8 18 17.4118
8 4 12.0521
7 25 14.6437
7 20 14.6437
7 3 15.71
6 19 13.3216
6 10 13.3216
6 0 13.3216
5 19 15.1499
5 15 15.1499
4 25 12.0521
4 20 12.0521
4 17 12.0521
4 12 12.0521
4 8 12.0521
3 26 15.71
3 7 15.71
3 1 15.71
2 15 15.9248
2 14 15.9248
1 21 13.6
1 3 15.71
0 13 13.3216
0 12 13.3216
0 11 13.3216
0 6 13.3216
