@nodes
label table_size
27 189
26 189
25 189
24 189
23 189
22 189
21 189
20 189
19 189
18 189
17 189
16 189
15 189
14 189
13 189
12 189
11 189
10 189
9 189
8 189
7 189
6 189
5 189
4 189
3 189
2 189
1 189
0 189
@arcs
       bandwidth
27 23 12.19
27 14 11.911
27 16 11.5328
26 24 12.5926
26 21 12.5234
26 3 14.0299
25 22 14.2857
25 7 12.9577
25 4 11.4824
24 26 12.5926
24 20 12.6733
24 17 11.4461
23 27 12.19
23 19 11.0995
23 10 11.3826
22 25 14.2857
22 18 15.6757
21 26 12.5234
21 16 11.5328
21 1 12.5234
20 24 12.6733
20 7 12.9577
20 4 11.4824
19 23 11.0995
19 14 11.911
19 13 12.967
19 6 12.1749
19 5 13.546
18 22 15.6757
18 8 14.9347
17 24 11.4461
17 16 11.5328
17 10 11.3826
17 4 11.4824
16 27 11.5328
16 21 11.5328
16 17 11.5328
15 5 13.546
15 2 13.4426
14 27 11.911
14 19 11.911
14 2 13.4426
13 19 12.967
13 9 16.8727
13 0 11.9958
12 10 11.3826
12 4 11.4824
12 0 11.9958
11 9 16.8727
11 0 11.9958
10 23 11.3826
10 17 11.3826
10 12 11.3826
10 6 12.1749
9 13 16.8727
9 11 16.8727
8 18 14.9347
8 4 11.4824
7 25 12.9577
7 20 12.9577
7 3 14.0299
6 19 12.1749
6 10 12.1749
6 0 11.9958
5 19 13.546
5 15 13.546
4 25 11.4824
4 20 11.4824
4 17 11.4824
4 12 11.4824
4 8 11.4824
3 26 14.0299
3 7 14.0299
3 1 14.0299
2 15 13.4426
2 14 13.4426
1 21 12.5234
1 3 14.0299
0 13 11.9958
0 12 11.9958
0 11 11.9958
0 6 11.9958
