@nodes
label table_size
27 189
26 189
25 189
24 189
23 189
22 189
21 189
20 189
19 189
18 189
17 189
16 189
15 189
14 189
13 189
12 189
11 189
10 189
9 189
8 189
7 189
6 189
5 189
4 189
3 189
2 189
1 189
0 189
@arcs
       bandwidth
27 23 15.1781
27 14 15.4783
27 16 13.7278
26 24 15.7798
26 21 16.0772
26 3 17.7778
25 22 18.7097
25 7 18.7097
25 4 12.9858
24 26 15.7798
24 20 16.5854
24 17 12.9577
23 27 15.1781
23 19 12.7039
23 10 12.7672
22 25 18.7097
22 18 20
21 26 16.0772
21 16 13.7278
21 1 16.0772
20 24 16.5854
20 7 18.7097
20 4 12.9858
19 23 12.7039
19 14 15.4783
19 13 12.7039
19 6 15.9248
19 5 12.7039
18 22 20
18 8 20
17 24 12.9577
17 16 13.7278
17 10 12.7672
17 4 12.9858
16 27 13.7278
16 21 13.7278
16 17 13.7278
15 5 20
15 2 20
14 27 15.4783
14 19 15.4783
14 2 15.4783
13 19 12.7039
13 9 20
13 0 16.0772
12 10 12.7672
12 4 12.9858
12 0 16.0772
11 9 20
11 0 16.0772
10 23 12.7672
10 17 12.7672
10 12 12.7672
10 6 15.9248
9 13 20
9 11 20
8 18 20
8 4 12.9858
7 25 18.7097
7 20 18.7097
7 3 18.7097
6 19 15.9248
6 10 15.9248
6 0 16.0772
5 19 12.7039
5 15 20
4 25 12.9858
4 20 12.9858
4 17 12.9858
4 12 12.9858
4 8 12.9858
3 26 17.7778
3 7 18.7097
3 1 20
2 15 20
2 14 15.4783
1 21 16.0772
1 3 20
0 13 16.0772
0 12 16.0772
0 11 16.0772
0 6 16.0772
