@nodes
label table_size
27 189
26 189
25 189
24 189
23 189
22 189
21 189
20 189
19 189
18 189
17 189
16 189
15 189
14 189
13 189
12 189
11 189
10 189
9 189
8 189
7 189
6 189
5 189
4 189
3 189
2 189
1 189
0 189
@arcs
       bandwidth
27 23 13.8969
27 14 14.3649
27 16 12.8767
26 24 14.3852
26 21 14.6898
26 3 17.2973
25 22 16.2376
25 7 15.9248
25 4 12.5301
24 26 14.3852
24 20 14.8837
24 17 12.4706
23 27 13.8969
23 19 12.1165
23 10 12.3834
22 25 16.2376
22 18 20
21 26 14.6898
21 16 12.8767
21 1 14.6898
20 24 14.8837
20 7 15.9248
20 4 12.5301
19 23 12.1165
19 14 14.3649
19 13 18.326
19 6 14.3649
19 5 16.8727
18 22 20
18 8 20
17 24 12.4706
17 16 12.8767
17 10 12.3834
17 4 12.5301
16 27 12.8767
16 21 12.8767
16 17 12.8767
15 5 16.8727
15 2 20
14 27 14.3649
14 19 14.3649
14 2 14.3649
13 19 18.326
13 9 18.326
13 0 14.621
12 10 12.3834
12 4 12.5301
12 0 14.621
11 9 20
11 0 14.621
10 23 12.3834
10 17 12.3834
10 12 12.3834
10 6 14.3649
9 13 18.326
9 11 20
8 18 20
8 4 12.5301
7 25 15.9248
7 20 15.9248
7 3 17.2973
6 19 14.3649
6 10 14.3649
6 0 14.621
5 19 16.8727
5 15 16.8727
4 25 12.5301
4 20 12.5301
4 17 12.5301
4 12 12.5301
4 8 12.5301
3 26 17.2973
3 7 17.2973
3 1 17.2973
2 15 20
2 14 14.3649
1 21 14.6898
1 3 17.2973
0 13 14.621
0 12 14.621
0 11 14.621
0 6 14.621
