@nodes
label table_size
27 189
26 189
25 189
24 189
23 189
22 189
21 189
20 189
19 189
18 189
17 189
16 189
15 189
14 189
13 189
12 189
11 189
10 189
9 189
8 189
7 189
6 189
5 189
4 189
3 189
2 189
1 189
0 189
@arcs
       bandwidth
27 23 11.4094
27 14 11.3025
27 16 11.0819
26 24 11.8156
26 21 11.7012
26 3 12.6214
25 22 12.5033
25 7 11.8919
25 4 11.1124
24 26 11.8156
24 20 11.768
24 17 11.0733
23 27 11.4094
23 19 10.8019
23 10 11.039
22 25 12.5033
22 18 13.4426
21 26 11.7012
21 16 11.0819
21 1 16.1564
20 24 11.768
20 7 11.8919
20 4 11.1124
19 23 10.8019
19 14 11.3025
19 13 11.9149
19 6 11.6507
19 5 12.51
18 22 13.4426
18 8 13.7575
17 24 11.0733
17 16 11.0819
17 10 11.039
17 4 11.1124
16 27 11.0819
16 21 11.0819
16 17 11.0819
15 5 12.51
15 2 12.2314
14 27 11.3025
14 19 11.3025
14 2 12.2314
13 19 11.9149
13 9 14.2282
13 0 11.4221
12 10 11.039
12 4 11.1124
12 0 11.4221
11 9 14.2282
11 0 11.4221
10 23 11.039
10 17 11.039
10 12 11.039
10 6 11.6507
9 13 14.2282
9 11 14.2282
8 18 13.7575
8 4 11.1124
7 25 11.8919
7 20 11.8919
7 3 12.6214
6 19 11.6507
6 10 11.6507
6 0 11.4221
5 19 12.51
5 15 12.51
4 25 11.1124
4 20 11.1124
4 17 11.1124
4 12 11.1124
4 8 11.1124
3 26 12.6214
3 7 12.6214
3 1 16.1564
2 15 12.2314
2 14 12.2314
1 21 16.1564
1 3 16.1564
0 13 11.4221
0 12 11.4221
0 11 11.4221
0 6 11.4221
