@nodes
label table_size
24 150
23 150
22 150
21 150
20 150
19 150
18 150
17 150
16 150
15 150
14 150
13 150
12 150
11 150
10 150
9 150
8 150
7 150
6 150
5 150
4 150
3 150
2 150
1 150
0 150
@arcs
       bandwidth
24 8 1801.47
24 3 1835.94
24 2 2160.19
24 1 1835.94
24 0 1835.94
24 14 1454.69
23 22 2087.05
23 21 1883.45
23 19 1707.32
22 23 2087.05
22 21 1883.45
21 23 1883.45
21 22 1883.45
21 19 1707.32
21 8 1801.47
21 14 1454.69
20 19 1707.32
20 14 1454.69
19 21 1707.32
19 23 1707.32
19 20 1707.32
19 18 1707.32
19 14 1454.69
18 19 1707.32
18 17 2500
17 18 2500
17 14 1454.69
16 15 2000
16 9 2500
15 16 2000
15 11 2000
15 10 2467.53
15 9 2000
15 8 1801.47
15 14 1454.69
14 24 1454.69
14 21 1454.69
14 20 1454.69
14 19 1454.69
14 17 1454.69
14 15 1454.69
14 13 1454.69
14 12 1454.69
14 10 2467.53
14 8 1801.47
13 14 1454.69
13 12 2500
12 14 1454.69
12 13 2500
11 15 2000
11 10 2467.53
11 9 2500
10 15 2467.53
10 14 2467.53
10 11 2467.53
10 9 2467.53
9 16 2500
9 15 2000
9 10 2467.53
9 11 2500
9 2 2160.19
8 24 1801.47
8 21 1801.47
8 15 1801.47
8 14 1801.47
8 7 1801.47
8 2 2160.19
7 8 1801.47
7 6 2500
7 5 2500
6 7 2500
6 5 2500
6 2 2160.19
5 7 2500
5 6 2500
5 4 2500
5 3 2500
4 5 2500
4 3 2500
3 24 1835.94
3 5 2500
3 4 2500
2 24 2160.19
2 9 2160.19
2 8 2160.19
2 6 2160.19
1 24 1835.94
1 0 2500
0 24 1835.94
0 1 2500
