@nodes
label table_size
24 150
23 150
22 150
21 150
20 150
19 150
18 150
17 150
16 150
15 150
14 150
13 150
12 150
11 150
10 150
9 150
8 150
7 150
6 150
5 150
4 150
3 150
2 150
1 150
0 150
@arcs
       bandwidth
24 8 1502.02
24 3 1919.64
24 2 1666.67
24 1 1536.7
24 0 1536.7
24 14 1359.27
23 22 1801.47
23 21 1539.35
23 19 1456.95
22 23 1801.47
22 21 1539.35
21 23 1539.35
21 22 1539.35
21 19 1456.95
21 8 1502.02
21 14 1359.27
20 19 1456.95
20 14 1359.27
19 21 1456.95
19 23 1456.95
19 20 1456.95
19 18 1954.89
19 14 1359.27
18 19 1954.89
18 17 1892.12
17 18 1892.12
17 14 1359.27
16 15 1561.46
16 9 1759.51
15 16 1561.46
15 11 1561.46
15 10 1743.42
15 9 1759.51
15 8 1502.02
15 14 1359.27
14 24 1359.27
14 21 1359.27
14 20 1359.27
14 19 1359.27
14 17 1359.27
14 15 1359.27
14 13 1359.27
14 12 1359.27
14 10 1743.42
14 8 1502.02
13 14 1359.27
13 12 2500
12 14 1359.27
12 13 2500
11 15 1561.46
11 10 1743.42
11 9 1759.51
10 15 1743.42
10 14 1743.42
10 11 1743.42
10 9 1759.51
9 16 1759.51
9 15 1759.51
9 10 1759.51
9 11 1759.51
9 2 1666.67
8 24 1502.02
8 21 1502.02
8 15 1502.02
8 14 1502.02
8 7 1854.84
8 2 1666.67
7 8 1854.84
7 6 1762.3
7 5 1814.76
6 7 1762.3
6 5 1814.76
6 2 1666.67
5 7 1814.76
5 6 1814.76
5 4 1814.76
5 3 1919.64
4 5 1814.76
4 3 1919.64
3 24 1919.64
3 5 1919.64
3 4 1919.64
2 24 1666.67
2 9 1666.67
2 8 1666.67
2 6 1666.67
1 24 1536.7
1 0 2500
0 24 1536.7
0 1 2500
