@nodes
label table_size
24 150
23 150
22 150
21 150
20 150
19 150
18 150
17 150
16 150
15 150
14 150
13 150
12 150
11 150
10 150
9 150
8 150
7 150
6 150
5 150
4 150
3 150
2 150
1 150
0 150
@arcs
       bandwidth
24 8 1304.07
24 3 1372.71
24 2 1312.67
24 1 1666.67
24 0 1631.1
24 14 1281.1
23 22 1388.48
23 21 1326.41
23 19 1305.54
22 23 1388.48
22 21 1326.41
21 23 1326.41
21 22 1326.41
21 19 1305.54
21 8 1304.07
21 14 1281.1
20 19 1305.54
20 14 1281.1
19 21 1305.54
19 23 1305.54
19 20 1305.54
19 18 1395.8
19 14 1281.1
18 19 1395.8
18 17 1394.45
17 18 1394.45
17 14 1281.1
16 15 1309.75
16 9 1319.04
15 16 1309.75
15 11 1431.69
15 10 1358.26
15 9 1319.04
15 8 1304.07
15 14 1281.1
14 24 1281.1
14 21 1281.1
14 20 1281.1
14 19 1281.1
14 17 1281.1
14 15 1281.1
14 13 1540.25
14 12 1542.06
14 10 1358.26
14 8 1304.07
13 14 1540.25
13 12 1542.06
12 14 1542.06
12 13 1542.06
11 15 1431.69
11 10 1358.26
11 9 1319.04
10 15 1358.26
10 14 1358.26
10 11 1358.26
10 9 1319.04
9 16 1319.04
9 15 1319.04
9 10 1319.04
9 11 1319.04
9 2 1312.67
8 24 1304.07
8 21 1304.07
8 15 1304.07
8 14 1304.07
8 7 1378.07
8 2 1312.67
7 8 1378.07
7 6 1346.25
7 5 1347.55
6 7 1346.25
6 5 1347.55
6 2 1312.67
5 7 1347.55
5 6 1347.55
5 4 1486.15
5 3 1372.71
4 5 1486.15
4 3 1372.71
3 24 1372.71
3 5 1372.71
3 4 1372.71
2 24 1312.67
2 9 1312.67
2 8 1312.67
2 6 1312.67
1 24 1666.67
1 0 1631.1
0 24 1631.1
0 1 1631.1
