@nodes
label table_size
36 666
35 666
34 666
33 666
32 666
31 666
30 666
29 666
28 666
27 666
26 666
25 666
24 666
23 666
22 666
21 666
20 666
19 666
18 666
17 666
16 666
15 666
14 666
13 666
12 666
11 666
10 666
9 666
8 666
7 666
6 666
5 666
4 666
3 666
2 666
1 666
0 666
@arcs
       bandwidth
36 32 6413.35
36 22 5423.26
36 19 5833.41
35 33 6128.4
35 28 4699.46
35 3 6872.73
35 1 6292.46
34 16 6205.32
34 15 6407.85
34 4 4681.68
33 35 6128.4
33 27 6200.65
33 23 5183.28
32 36 6413.35
32 26 4989.16
32 12 5655.92
31 15 6407.85
31 9 5542.94
30 3 6872.73
30 1 6292.46
29 17 7182
29 2 6872.73
28 35 4699.46
28 25 7075.13
28 22 5423.26
28 21 4854.01
27 33 6200.65
27 8 6888
27 4 4681.68
26 32 4989.16
26 19 5833.41
26 18 5414.73
26 7 7305.88
26 6 6205.32
25 28 7075.13
25 1 6292.46
24 15 6407.85
24 9 5542.94
23 33 5183.28
23 22 5423.26
23 12 5655.92
23 4 4681.68
22 36 5423.26
22 28 5423.26
22 23 5423.26
21 28 4854.01
21 19 5833.41
21 6 6205.32
21 2 6872.73
20 17 7182
20 6 6205.32
20 2 6872.73
19 36 5833.41
19 26 5833.41
19 21 5833.41
18 26 5414.73
18 17 7182
18 10 5414.73
18 5 5414.73
18 0 7075.13
17 29 7182
17 20 7182
17 18 7182
16 34 6205.32
16 8 6888
15 34 6407.85
15 31 6407.85
15 24 6407.85
14 12 5655.92
14 4 4681.68
14 0 7075.13
13 10 7560
13 5 7560
13 0 7075.13
12 32 5655.92
12 23 5655.92
12 14 5655.92
12 11 5655.92
11 12 5655.92
11 7 7305.88
10 18 5414.73
10 13 7560
9 31 5542.94
9 24 5542.94
9 4 4681.68
8 27 6888
8 16 6888
8 3 6872.73
7 26 7305.88
7 11 7305.88
7 0 7075.13
6 26 6205.32
6 21 6205.32
6 20 6205.32
5 18 5414.73
5 13 7560
4 34 4681.68
4 27 4681.68
4 23 4681.68
4 14 4681.68
4 9 4681.68
3 35 6872.73
3 30 6872.73
3 8 6872.73
2 29 6872.73
2 21 6872.73
2 20 6872.73
1 35 6292.46
1 30 6292.46
1 25 6292.46
0 18 7075.13
0 14 7075.13
0 13 7075.13
0 7 7075.13
