@nodes
label table_size
36 666
35 666
34 666
33 666
32 666
31 666
30 666
29 666
28 666
27 666
26 666
25 666
24 666
23 666
22 666
21 666
20 666
19 666
18 666
17 666
16 666
15 666
14 666
13 666
12 666
11 666
10 666
9 666
8 666
7 666
6 666
5 666
4 666
3 666
2 666
1 666
0 666
@arcs
       bandwidth
36 32 3986.62
36 22 3975.49
36 19 3942
35 33 3933.41
35 28 3880.61
35 3 3953
35 1 3956.27
34 16 4060.34
34 15 3962.48
34 4 3875.82
33 35 3933.41
33 27 3904.41
33 23 3961.69
32 36 3986.62
32 26 3892.35
32 12 3958.57
31 15 3962.48
31 9 3968.35
30 3 3953
30 1 3956.27
29 17 4000.1
29 2 4007.37
28 35 3880.61
28 25 3982.27
28 22 3975.49
28 21 3884.32
27 33 3904.41
27 8 3935.48
27 4 3875.82
26 32 3892.35
26 19 3942
26 18 3928.3
26 7 4015.19
26 6 3960.36
25 28 3982.27
25 1 3956.27
24 15 3962.48
24 9 3968.35
23 33 3961.69
23 22 3975.49
23 12 3958.57
23 4 3875.82
22 36 3975.49
22 28 3975.49
22 23 3975.49
21 28 3884.32
21 19 3942
21 6 3960.36
21 2 4007.37
20 17 4000.1
20 6 3960.36
20 2 4007.37
19 36 3942
19 26 3942
19 21 3942
18 26 3928.3
18 17 4000.1
18 10 4182.67
18 5 4319.31
18 0 3976.56
17 29 4000.1
17 20 4000.1
17 18 4000.1
16 34 4060.34
16 8 3935.48
15 34 3962.48
15 31 3962.48
15 24 3962.48
14 12 3958.57
14 4 3875.82
14 0 3976.56
13 10 4182.67
13 5 4319.31
13 0 3976.56
12 32 3958.57
12 23 3958.57
12 14 3958.57
12 11 4208.14
11 12 4208.14
11 7 4015.19
10 18 4182.67
10 13 4182.67
9 31 3968.35
9 24 3968.35
9 4 3875.82
8 27 3935.48
8 16 3935.48
8 3 3953
7 26 4015.19
7 11 4015.19
7 0 3976.56
6 26 3960.36
6 21 3960.36
6 20 3960.36
5 18 4319.31
5 13 4319.31
4 34 3875.82
4 27 3875.82
4 23 3875.82
4 14 3875.82
4 9 3875.82
3 35 3953
3 30 3953
3 8 3953
2 29 4007.37
2 21 4007.37
2 20 4007.37
1 35 3956.27
1 30 3956.27
1 25 3956.27
0 18 3976.56
0 14 3976.56
0 13 3976.56
0 7 3976.56
