@nodes
label table_size
36 666
35 666
34 666
33 666
32 666
31 666
30 666
29 666
28 666
27 666
26 666
25 666
24 666
23 666
22 666
21 666
20 666
19 666
18 666
17 666
16 666
15 666
14 666
13 666
12 666
11 666
10 666
9 666
8 666
7 666
6 666
5 666
4 666
3 666
2 666
1 666
0 666
@arcs
       bandwidth
36 32 5276.72
36 22 4735.04
36 19 4879.34
35 33 4846.73
35 28 4329.67
35 3 5216.92
35 1 4995
34 16 6210
34 15 5051.45
34 4 4344.46
33 35 4846.73
33 27 4817.71
33 23 4627.64
32 36 5276.72
32 26 4526.14
32 12 4860.46
31 15 5051.45
31 9 4856.77
30 3 5216.92
30 1 4995
29 17 5655.92
29 2 5402.09
28 35 4329.67
28 25 5298.38
28 22 4735.04
28 21 4415.41
27 33 4817.71
27 8 5089.82
27 4 4344.46
26 32 4526.14
26 19 4879.34
26 18 4786.99
26 7 5540.48
26 6 5233.51
25 28 5298.38
25 1 4995
24 15 5051.45
24 9 4856.77
23 33 4627.64
23 22 4735.04
23 12 4860.46
23 4 4344.46
22 36 4735.04
22 28 4735.04
22 23 4735.04
21 28 4415.41
21 19 4879.34
21 6 5233.51
21 2 5402.09
20 17 5655.92
20 6 5233.51
20 2 5402.09
19 36 4879.34
19 26 4879.34
19 21 4879.34
18 26 4786.99
18 17 5655.92
18 10 7315.79
18 5 4786.99
18 0 5644.8
17 29 5655.92
17 20 5655.92
17 18 5655.92
16 34 6210
16 8 5089.82
15 34 5051.45
15 31 5051.45
15 24 5051.45
14 12 4860.46
14 4 4344.46
14 0 5644.8
13 10 7315.79
13 5 6966.68
13 0 5644.8
12 32 4860.46
12 23 4860.46
12 14 4860.46
12 11 4860.46
11 12 4860.46
11 7 5540.48
10 18 7315.79
10 13 7315.79
9 31 4856.77
9 24 4856.77
9 4 4344.46
8 27 5089.82
8 16 5089.82
8 3 5216.92
7 26 5540.48
7 11 5540.48
7 0 5644.8
6 26 5233.51
6 21 5233.51
6 20 5233.51
5 18 4786.99
5 13 6966.68
4 34 4344.46
4 27 4344.46
4 23 4344.46
4 14 4344.46
4 9 4344.46
3 35 5216.92
3 30 5216.92
3 8 5216.92
2 29 5402.09
2 21 5402.09
2 20 5402.09
1 35 4995
1 30 4995
1 25 4995
0 18 5644.8
0 14 5644.8
0 13 5644.8
0 7 5644.8
