@nodes
label table_size
36 666
35 666
34 666
33 666
32 666
31 666
30 666
29 666
28 666
27 666
26 666
25 666
24 666
23 666
22 666
21 666
20 666
19 666
18 666
17 666
16 666
15 666
14 666
13 666
12 666
11 666
10 666
9 666
8 666
7 666
6 666
5 666
4 666
3 666
2 666
1 666
0 666
@arcs
       bandwidth
36 32 7386.7
36 22 6999.28
36 19 7386.7
35 33 6762.8
35 28 5361.33
35 3 6762.8
35 1 6762.8
34 16 7560
34 15 7560
34 4 5218.56
33 35 6762.8
33 27 7560
33 23 6173.04
32 36 7386.7
32 26 6027.75
32 12 7136.64
31 15 7560
31 9 7049.45
30 3 7560
30 1 7560
29 17 7560
29 2 7560
28 35 5361.33
28 25 5361.33
28 22 6999.28
28 21 5644.8
27 33 7560
27 8 7560
27 4 5218.56
26 32 6027.75
26 19 6027.75
26 18 6475.37
26 7 6027.75
26 6 6027.75
25 28 5361.33
25 1 7560
24 15 7560
24 9 7049.45
23 33 6173.04
23 22 6999.28
23 12 7136.64
23 4 5218.56
22 36 6999.28
22 28 6999.28
22 23 6999.28
21 28 5644.8
21 19 5644.8
21 6 5644.8
21 2 5644.8
20 17 7560
20 6 7560
20 2 7560
19 36 7386.7
19 26 6027.75
19 21 5644.8
18 26 6475.37
18 17 6475.37
18 10 6475.37
18 5 6475.37
18 0 6475.37
17 29 7560
17 20 7560
17 18 6475.37
16 34 7560
16 8 7560
15 34 7560
15 31 7560
15 24 7560
14 12 7136.64
14 4 5218.56
14 0 7560
13 10 7560
13 5 7560
13 0 7560
12 32 7136.64
12 23 7136.64
12 14 7136.64
12 11 7136.64
11 12 7136.64
11 7 7560
10 18 6475.37
10 13 7560
9 31 7049.45
9 24 7049.45
9 4 5218.56
8 27 7560
8 16 7560
8 3 7560
7 26 6027.75
7 11 7560
7 0 7560
6 26 6027.75
6 21 5644.8
6 20 7560
5 18 6475.37
5 13 7560
4 34 5218.56
4 27 5218.56
4 23 5218.56
4 14 5218.56
4 9 5218.56
3 35 6762.8
3 30 7560
3 8 7560
2 29 7560
2 21 5644.8
2 20 7560
1 35 6762.8
1 30 7560
1 25 7560
0 18 6475.37
0 14 7560
0 13 7560
0 7 7560
