OPT,0.198225
running_time,1
