@nodes
label table_size
36 666
35 666
34 666
33 666
32 666
31 666
30 666
29 666
28 666
27 666
26 666
25 666
24 666
23 666
22 666
21 666
20 666
19 666
18 666
17 666
16 666
15 666
14 666
13 666
12 666
11 666
10 666
9 666
8 666
7 666
6 666
5 666
4 666
3 666
2 666
1 666
0 666
@arcs
       bandwidth
36 32 6791.34
36 22 6475.37
36 19 6791.34
35 33 6424.41
35 28 5202.31
35 3 6424.41
35 1 6424.41
34 16 7560
34 15 7560
34 4 5092.55
33 35 6424.41
33 27 7560
33 23 5976.75
32 36 6791.34
32 26 5784.36
32 12 6974.77
31 15 7560
31 9 6687.02
30 3 7560
30 1 7560
29 17 7560
29 2 7560
28 35 5202.31
28 25 5202.31
28 22 6475.37
28 21 5445
27 33 7560
27 8 7560
27 4 5092.55
26 32 5784.36
26 19 5784.36
26 18 6219.42
26 7 5784.36
26 6 5784.36
25 28 5202.31
25 1 7560
24 15 7560
24 9 6687.02
23 33 5976.75
23 22 6475.37
23 12 6974.77
23 4 5092.55
22 36 6475.37
22 28 6475.37
22 23 6475.37
21 28 5445
21 19 5445
21 6 5445
21 2 5445
20 17 7560
20 6 7560
20 2 7560
19 36 6791.34
19 26 5784.36
19 21 5445
18 26 6219.42
18 17 6219.42
18 10 6219.42
18 5 6219.42
18 0 6219.42
17 29 7560
17 20 7560
17 18 6219.42
16 34 7560
16 8 7560
15 34 7560
15 31 7560
15 24 7560
14 12 6974.77
14 4 5092.55
14 0 7560
13 10 7560
13 5 7560
13 0 7560
12 32 6974.77
12 23 6974.77
12 14 6974.77
12 11 6974.77
11 12 6974.77
11 7 7560
10 18 6219.42
10 13 7560
9 31 6687.02
9 24 6687.02
9 4 5092.55
8 27 7560
8 16 7560
8 3 7560
7 26 5784.36
7 11 7560
7 0 7560
6 26 5784.36
6 21 5445
6 20 7560
5 18 6219.42
5 13 7560
4 34 5092.55
4 27 5092.55
4 23 5092.55
4 14 5092.55
4 9 5092.55
3 35 6424.41
3 30 7560
3 8 7560
2 29 7560
2 21 5445
2 20 7560
1 35 6424.41
1 30 7560
1 25 7560
0 18 6219.42
0 14 7560
0 13 7560
0 7 7560
