@nodes
label table_size
10 9
9 9
8 9
7 9
6 9
5 9
4 9
3 9
2 9
1 9
0 9
@arcs
       bandwidth
10 8 25.6427
10 7 25.398
10 6 25.8704
10 2 26.7925
10 1 25.095
10 9 25.7482
9 8 25.6427
9 7 25.398
9 6 25.8704
9 2 26.7925
9 1 25.095
9 10 25.7482
9 0 26.6425
8 7 25.398
8 6 25.8704
8 5 26.0137
8 1 25.095
8 10 25.6427
8 9 25.6427
8 0 26.6425
7 8 25.398
7 6 25.8704
7 5 26.0137
7 4 25.509
7 0 26.6425
7 1 25.095
7 10 25.398
7 9 25.398
6 8 25.8704
6 7 25.8704
6 4 25.509
6 0 26.6425
6 10 25.8704
6 9 25.8704
5 8 26.0137
5 7 26.0137
5 4 25.509
5 3 26.962
5 2 26.7925
5 1 25.095
4 7 25.509
4 6 25.509
4 5 25.509
4 3 26.962
4 2 26.7925
4 1 25.095
3 5 26.962
3 4 26.962
3 2 26.7925
3 1 25.095
2 5 26.7925
2 4 26.7925
2 3 26.7925
2 1 25.095
2 10 26.7925
2 9 26.7925
1 8 25.095
1 7 25.095
1 5 25.095
1 4 25.095
1 3 25.095
1 2 25.095
1 10 25.095
1 9 25.095
0 7 26.6425
0 6 26.6425
0 9 26.6425
0 8 26.6425
