@nodes
label table_size
10 11
9 11
8 11
7 11
6 11
5 11
4 11
3 11
2 11
1 11
0 11
@arcs
       bandwidth
10 8 0.587302
10 5 0.575342
10 2 0.551402
10 3 0.550459
10 7 0.543307
10 6 0.55914
10 1 0.56044
10 0 0.554455
9 5 0.575342
9 2 0.551402
9 1 0.56044
9 0 0.554455
9 6 0.55914
9 3 0.550459
9 7 0.543307
9 8 0.587302
8 10 0.587302
8 6 0.55914
8 9 0.587302
8 4 0.557895
8 2 0.551402
8 3 0.550459
8 0 0.554455
7 0 0.554455
7 10 0.543307
7 9 0.543307
7 4 0.557895
7 2 0.551402
7 5 0.575342
7 3 0.550459
7 1 0.56044
7 6 0.55914
6 4 0.557895
6 8 0.55914
6 9 0.55914
6 3 0.550459
6 10 0.55914
6 0 0.554455
6 7 0.55914
5 3 0.550459
5 10 0.575342
5 9 0.575342
5 4 0.557895
5 2 0.551402
5 7 0.575342
5 1 0.56044
4 6 0.557895
4 3 0.550459
4 2 0.551402
4 8 0.557895
4 7 0.557895
4 5 0.557895
4 1 0.56044
3 5 0.550459
3 4 0.550459
3 6 0.550459
3 10 0.550459
3 9 0.550459
3 8 0.550459
3 7 0.550459
3 1 0.56044
2 4 0.551402
2 10 0.551402
2 9 0.551402
2 8 0.551402
2 7 0.551402
2 5 0.551402
2 1 0.56044
2 0 0.554455
1 0 0.554455
1 9 0.56044
1 10 0.56044
1 7 0.56044
1 5 0.56044
1 4 0.56044
1 3 0.56044
1 2 0.56044
0 7 0.554455
0 1 0.554455
0 9 0.554455
0 10 0.554455
0 8 0.554455
0 6 0.554455
0 2 0.554455
