@nodes
label table_size
10 11
9 11
8 11
7 11
6 11
5 11
4 11
3 11
2 11
1 11
0 11
@arcs
       bandwidth
10 8 0.566265
10 5 0.545455
10 2 0.535948
10 3 0.535484
10 7 0.532164
10 6 0.543307
10 1 0.536424
10 0 0.533742
9 5 0.545455
9 2 0.535948
9 1 0.536424
9 0 0.533742
9 6 0.543307
9 3 0.535484
9 7 0.532164
9 8 0.566265
8 10 0.566265
8 6 0.543307
8 9 0.566265
8 4 0.540146
8 2 0.535948
8 3 0.535484
8 0 0.533742
7 0 0.533742
7 10 0.532164
7 9 0.532164
7 4 0.540146
7 2 0.535948
7 5 0.545455
7 3 0.535484
7 1 0.536424
7 6 0.543307
6 4 0.540146
6 8 0.543307
6 9 0.543307
6 3 0.535484
6 10 0.543307
6 0 0.533742
6 7 0.543307
5 3 0.535484
5 10 0.545455
5 9 0.545455
5 4 0.540146
5 2 0.535948
5 7 0.545455
5 1 0.536424
4 6 0.540146
4 3 0.535484
4 2 0.535948
4 8 0.540146
4 7 0.540146
4 5 0.540146
4 1 0.536424
3 5 0.535484
3 4 0.535484
3 6 0.535484
3 10 0.535484
3 9 0.535484
3 8 0.535484
3 7 0.535484
3 1 0.536424
2 4 0.535948
2 10 0.535948
2 9 0.535948
2 8 0.535948
2 7 0.535948
2 5 0.535948
2 1 0.536424
2 0 0.533742
1 0 0.533742
1 9 0.536424
1 10 0.536424
1 7 0.536424
1 5 0.536424
1 4 0.536424
1 3 0.536424
1 2 0.536424
0 7 0.533742
0 1 0.533742
0 9 0.533742
0 10 0.533742
0 8 0.533742
0 6 0.533742
0 2 0.533742
