@nodes
label table_size
11 33
10 33
9 33
8 33
7 33
6 33
5 33
4 33
3 33
2 33
1 33
0 33
@arcs
       bandwidth
11 7 120.847
11 6 119.426
11 3 116.846
10 6 119.426
10 5 120.847
10 4 109.873
10 1 118.095
10 0 115.672
9 7 120.847
9 2 114.565
8 5 120.847
8 4 109.873
7 11 120.847
7 9 120.847
7 1 118.095
6 11 119.426
6 10 119.426
6 3 116.846
5 0 115.672
5 10 120.847
5 8 120.847
4 10 109.873
4 8 109.873
4 3 116.846
3 11 116.846
3 6 116.846
3 4 116.846
2 9 114.565
2 1 118.095
2 0 115.672
1 10 118.095
1 7 118.095
1 2 118.095
0 5 115.672
0 2 115.672
0 10 115.672
