@nodes
label table_size
11 33
10 33
9 33
8 33
7 33
6 33
5 33
4 33
3 33
2 33
1 33
0 33
@arcs
       bandwidth
11 7 108.313
11 6 104.421
11 3 106.236
10 6 104.421
10 5 104.421
10 4 101.857
10 1 109.074
10 0 102.822
9 7 108.313
9 2 102.33
8 5 104.421
8 4 101.857
7 11 108.313
7 9 108.313
7 1 109.074
6 11 104.421
6 10 104.421
6 3 106.236
5 0 102.822
5 10 104.421
5 8 104.421
4 10 101.857
4 8 101.857
4 3 106.236
3 11 106.236
3 6 106.236
3 4 106.236
2 9 102.33
2 1 109.074
2 0 102.822
1 10 109.074
1 7 109.074
1 2 109.074
0 5 102.822
0 2 102.822
0 10 102.822
