@nodes
label table_size
11 33
10 33
9 33
8 33
7 33
6 33
5 33
4 33
3 33
2 33
1 33
0 33
@arcs
       bandwidth
11 7 100.133
11 6 95.3846
11 3 96.7293
10 6 95.3846
10 5 97.3256
10 4 95.3846
10 1 99.7391
10 0 95.8993
9 7 100.133
9 2 95.8993
8 5 97.3256
8 4 95.3846
7 11 100.133
7 9 100.133
7 1 99.7391
6 11 95.3846
6 10 95.3846
6 3 96.7293
5 0 95.8993
5 10 97.3256
5 8 97.3256
4 10 95.3846
4 8 95.3846
4 3 96.7293
3 11 96.7293
3 6 96.7293
3 4 96.7293
2 9 95.8993
2 1 99.7391
2 0 95.8993
1 10 99.7391
1 7 99.7391
1 2 99.7391
0 5 95.8993
0 2 95.8993
0 10 95.8993
