@nodes
label table_size
11 33
10 33
9 33
8 33
7 33
6 33
5 33
4 33
3 33
2 33
1 33
0 33
@arcs
       bandwidth
11 7 98.6364
11 6 94.2157
11 3 94.2157
10 6 94.2157
10 5 95.8993
10 4 94
10 1 97.3256
10 0 95.3846
9 7 98.6364
9 2 95.8993
8 5 95.8993
8 4 94
7 11 98.6364
7 9 98.6364
7 1 97.3256
6 11 94.2157
6 10 94.2157
6 3 94.2157
5 0 95.3846
5 10 95.8993
5 8 95.8993
4 10 94
4 8 94
4 3 94.2157
3 11 94.2157
3 6 94.2157
3 4 94.2157
2 9 95.8993
2 1 97.3256
2 0 95.3846
1 10 97.3256
1 7 97.3256
1 2 97.3256
0 5 95.3846
0 2 95.3846
0 10 95.3846
