@nodes
label table_size
11 33
10 33
9 33
8 33
7 33
6 33
5 33
4 33
3 33
2 33
1 33
0 33
@arcs
       bandwidth
11 7 113.521
11 6 109.873
11 3 109.074
10 6 109.873
10 5 109.074
10 4 106.897
10 1 109.074
10 0 107.588
9 7 113.521
9 2 105
8 5 109.074
8 4 106.897
7 11 113.521
7 9 113.521
7 1 109.074
6 11 109.873
6 10 109.873
6 3 109.074
5 0 107.588
5 10 109.074
5 8 109.074
4 10 106.897
4 8 106.897
4 3 109.074
3 11 109.074
3 6 109.074
3 4 109.074
2 9 105
2 1 109.074
2 0 107.588
1 10 109.074
1 7 109.074
1 2 109.074
0 5 107.588
0 2 107.588
0 10 107.588
