@nodes
label table_size
11 33
10 33
9 33
8 33
7 33
6 33
5 33
4 33
3 33
2 33
1 33
0 33
@arcs
       bandwidth
11 7 136.977
11 6 146.622
11 3 129.694
10 6 146.622
10 5 146.622
10 4 119.426
10 1 134.333
10 0 129.694
9 7 136.977
9 2 129.694
8 5 146.622
8 4 119.426
7 11 136.977
7 9 136.977
7 1 134.333
6 11 146.622
6 10 146.622
6 3 129.694
5 0 129.694
5 10 146.622
5 8 146.622
4 10 119.426
4 8 119.426
4 3 129.694
3 11 129.694
3 6 129.694
3 4 129.694
2 9 129.694
2 1 134.333
2 0 129.694
1 10 134.333
1 7 134.333
1 2 134.333
0 5 129.694
0 2 129.694
0 10 129.694
