@nodes
label table_size
11 33
10 33
9 33
8 33
7 33
6 33
5 33
4 33
3 33
2 33
1 33
0 33
@arcs
       bandwidth
11 7 143.077
11 6 155
11 3 155
10 6 115.672
10 5 115.672
10 4 143.077
10 1 146.622
10 0 115.672
9 7 143.077
9 2 155
8 5 155
8 4 143.077
7 11 143.077
7 9 143.077
7 1 146.622
6 11 155
6 10 115.672
6 3 155
5 0 155
5 10 115.672
5 8 155
4 10 143.077
4 8 143.077
4 3 143.077
3 11 155
3 6 155
3 4 143.077
2 9 155
2 1 146.622
2 0 155
1 10 146.622
1 7 146.622
1 2 146.622
0 5 155
0 2 155
0 10 115.672
