@nodes
label table_size
26 351
25 351
24 351
23 351
22 351
21 351
20 351
19 351
18 351
17 351
16 351
15 351
14 351
13 351
12 351
11 351
10 351
9 351
8 351
7 351
6 351
5 351
4 351
3 351
2 351
1 351
0 351
@arcs
       bandwidth
26 23 560
26 18 579.376
26 21 573.339
26 19 570.341
26 22 644.444
25 15 567.267
25 24 650.386
25 10 626.532
24 23 560
24 22 644.444
24 25 650.386
23 26 560
23 15 567.267
23 18 579.376
23 21 573.339
23 22 644.444
23 24 560
22 21 573.339
22 26 644.444
22 23 644.444
22 24 644.444
21 26 573.339
21 19 570.341
21 20 644.207
21 22 573.339
21 23 573.339
20 19 570.341
20 0 647.108
20 21 644.207
19 18 579.376
19 26 570.341
19 1 642.567
19 21 570.341
19 0 647.108
19 20 570.341
18 23 579.376
18 15 567.267
18 17 657.117
18 3 579.376
18 26 579.376
18 19 579.376
17 4 714.81
17 16 654.898
17 15 567.267
17 18 657.117
16 12 738.128
16 13 767.123
16 17 654.898
16 15 567.267
15 17 567.267
15 16 567.267
15 14 714.286
15 25 567.267
15 23 567.267
15 18 567.267
14 12 738.128
14 10 626.532
14 15 714.286
13 6 824.399
13 5 767.123
13 4 714.81
13 16 767.123
12 11 678.173
12 16 738.128
12 14 738.128
11 12 678.173
11 10 626.532
11 9 786.297
11 8 863.354
10 14 626.532
10 25 626.532
10 9 786.297
10 11 626.532
9 10 786.297
9 11 786.297
9 8 863.354
8 11 863.354
8 9 863.354
8 7 863.354
7 8 863.354
7 6 824.399
6 13 824.399
6 7 824.399
6 5 824.399
5 13 767.123
5 6 824.399
5 4 714.81
4 13 714.81
4 17 714.81
4 5 714.81
4 3 714.81
3 18 579.376
3 4 714.81
3 2 815.081
2 3 815.081
2 1 642.567
1 19 642.567
1 2 642.567
1 0 647.108
0 19 647.108
0 20 647.108
0 1 647.108
