@nodes
label table_size
26 351
25 351
24 351
23 351
22 351
21 351
20 351
19 351
18 351
17 351
16 351
15 351
14 351
13 351
12 351
11 351
10 351
9 351
8 351
7 351
6 351
5 351
4 351
3 351
2 351
1 351
0 351
@arcs
       bandwidth
26 23 574.27
26 18 592.32
26 21 591.741
26 19 585.819
26 22 681.489
25 15 579.664
25 24 684.932
25 10 656.557
24 23 574.27
24 22 681.489
24 25 684.932
23 26 574.27
23 15 579.664
23 18 592.32
23 21 591.741
23 22 681.489
23 24 574.27
22 21 591.741
22 26 681.489
22 23 681.489
22 24 681.489
21 26 591.741
21 19 585.819
21 20 684.155
21 22 591.741
21 23 591.741
20 19 585.819
20 0 682.622
20 21 684.155
19 18 592.32
19 26 585.819
19 1 678.173
19 21 585.819
19 0 682.622
19 20 585.819
18 23 592.32
18 15 579.664
18 17 685.714
18 3 592.32
18 26 592.32
18 19 592.32
17 4 753.247
17 16 681.115
17 15 579.664
17 18 685.714
16 12 792.988
16 13 812.834
16 17 681.115
16 15 579.664
15 17 579.664
15 16 579.664
15 14 746.835
15 25 579.664
15 23 579.664
15 18 579.664
14 12 792.988
14 10 656.557
14 15 746.835
13 6 880.694
13 5 812.834
13 4 753.247
13 16 812.834
12 11 724.712
12 16 792.988
12 14 792.988
11 12 724.712
11 10 656.557
11 9 866.388
11 8 968
10 14 656.557
10 25 656.557
10 9 866.388
10 11 656.557
9 10 866.388
9 11 866.388
9 8 968
8 11 968
8 9 968
8 7 968
7 8 968
7 6 880.694
6 13 880.694
6 7 880.694
6 5 880.694
5 13 812.834
5 6 880.694
5 4 753.247
4 13 753.247
4 17 753.247
4 5 753.247
4 3 753.247
3 18 592.32
3 4 753.247
3 2 907.193
2 3 907.193
2 1 678.173
1 19 678.173
1 2 678.173
1 0 682.622
0 19 682.622
0 20 682.622
0 1 682.622
