@nodes
label table_size
26 351
25 351
24 351
23 351
22 351
21 351
20 351
19 351
18 351
17 351
16 351
15 351
14 351
13 351
12 351
11 351
10 351
9 351
8 351
7 351
6 351
5 351
4 351
3 351
2 351
1 351
0 351
@arcs
       bandwidth
26 23 509.287
26 18 510.643
26 21 511.265
26 19 510.428
26 22 515.543
25 15 509.592
25 24 519.095
25 10 516.893
24 23 509.287
24 22 515.543
24 25 519.095
23 26 509.287
23 15 509.592
23 18 510.643
23 21 511.265
23 22 515.543
23 24 509.287
22 21 511.265
22 26 515.543
22 23 515.543
22 24 515.543
21 26 511.265
21 19 510.428
21 20 520.826
21 22 511.265
21 23 511.265
20 19 510.428
20 0 521.685
20 21 520.826
19 18 510.643
19 26 510.428
19 1 517.124
19 21 510.428
19 0 521.685
19 20 510.428
18 23 510.643
18 15 509.592
18 17 517.406
18 3 527.281
18 26 510.643
18 19 510.643
17 4 519.246
17 16 520.757
17 15 509.592
17 18 517.406
16 12 523.016
16 13 524.071
16 17 520.757
16 15 509.592
15 17 509.592
15 16 509.592
15 14 522.789
15 25 509.592
15 23 509.592
15 18 509.592
14 12 523.016
14 10 516.893
14 15 522.789
13 6 522.297
13 5 529.265
13 4 519.246
13 16 524.071
12 11 517.43
12 16 523.016
12 14 523.016
11 12 517.43
11 10 516.893
11 9 524.419
11 8 521.82
10 14 516.893
10 25 516.893
10 9 524.419
10 11 516.893
9 10 524.419
9 11 524.419
9 8 521.82
8 11 521.82
8 9 521.82
8 7 525.054
7 8 525.054
7 6 522.297
6 13 522.297
6 7 522.297
6 5 529.265
5 13 529.265
5 6 529.265
5 4 519.246
4 13 519.246
4 17 519.246
4 5 519.246
4 3 527.281
3 18 527.281
3 4 527.281
3 2 533.435
2 3 533.435
2 1 517.124
1 19 517.124
1 2 517.124
1 0 521.685
0 19 521.685
0 20 521.685
0 1 521.685
