@nodes
label table_size
26 351
25 351
24 351
23 351
22 351
21 351
20 351
19 351
18 351
17 351
16 351
15 351
14 351
13 351
12 351
11 351
10 351
9 351
8 351
7 351
6 351
5 351
4 351
3 351
2 351
1 351
0 351
@arcs
       bandwidth
26 23 529.294
26 18 538.682
26 21 537.332
26 19 536.283
26 22 557.334
25 15 528.588
25 24 567.839
25 10 555.697
24 23 529.294
24 22 557.334
24 25 567.839
23 26 529.294
23 15 528.588
23 18 538.682
23 21 537.332
23 22 557.334
23 24 529.294
22 21 537.332
22 26 557.334
22 23 557.334
22 24 557.334
21 26 537.332
21 19 536.283
21 20 571.024
21 22 537.332
21 23 537.332
20 19 536.283
20 0 581.212
20 21 571.024
19 18 538.682
19 26 536.283
19 1 573.833
19 21 536.283
19 0 581.212
19 20 536.283
18 23 538.682
18 15 528.588
18 17 562.611
18 3 761.55
18 26 538.682
18 19 538.682
17 4 607.208
17 16 570.567
17 15 528.588
17 18 562.611
16 12 596.588
16 13 604.651
16 17 570.567
16 15 528.588
15 17 528.588
15 16 528.588
15 14 578.735
15 25 528.588
15 23 528.588
15 18 528.588
14 12 596.588
14 10 555.697
14 15 578.735
13 6 617.864
13 5 657.966
13 4 607.208
13 16 604.651
12 11 575.614
12 16 596.588
12 14 596.588
11 12 575.614
11 10 555.697
11 9 611.006
11 8 639.841
10 14 555.697
10 25 555.697
10 9 611.006
10 11 555.697
9 10 611.006
9 11 611.006
9 8 639.841
8 11 639.841
8 9 639.841
8 7 684.543
7 8 684.543
7 6 617.864
6 13 617.864
6 7 617.864
6 5 657.966
5 13 657.966
5 6 657.966
5 4 607.208
4 13 607.208
4 17 607.208
4 5 607.208
4 3 761.55
3 18 761.55
3 4 761.55
3 2 667.302
2 3 667.302
2 1 573.833
1 19 573.833
1 2 573.833
1 0 581.212
0 19 581.212
0 20 581.212
0 1 581.212
