@nodes
label table_size
26 351
25 351
24 351
23 351
22 351
21 351
20 351
19 351
18 351
17 351
16 351
15 351
14 351
13 351
12 351
11 351
10 351
9 351
8 351
7 351
6 351
5 351
4 351
3 351
2 351
1 351
0 351
@arcs
       bandwidth
26 23 546.688
26 18 563.152
26 21 556.631
26 19 554.998
26 22 605.027
25 15 550.504
25 24 620.619
25 10 598.099
24 23 546.688
24 22 605.027
24 25 620.619
23 26 546.688
23 15 550.504
23 18 563.152
23 21 556.631
23 22 605.027
23 24 546.688
22 21 556.631
22 26 605.027
22 23 605.027
22 24 605.027
21 26 556.631
21 19 554.998
21 20 611.146
21 22 556.631
21 23 556.631
20 19 554.998
20 0 616.148
20 21 611.146
19 18 563.152
19 26 554.998
19 1 608.133
19 21 554.998
19 0 616.148
19 20 554.998
18 23 563.152
18 15 550.504
18 17 614.481
18 3 924.939
18 26 563.152
18 19 563.152
17 4 673.591
17 16 617.391
17 15 550.504
17 18 614.481
16 12 674.975
16 13 694.784
16 17 617.391
16 15 550.504
15 17 550.504
15 16 550.504
15 14 650.644
15 25 550.504
15 23 550.504
15 18 550.504
14 12 674.975
14 10 598.099
14 15 650.644
13 6 728.814
13 5 853.119
13 4 673.591
13 16 694.784
12 11 635.521
12 16 674.975
12 14 674.975
11 12 635.521
11 10 598.099
11 9 693.495
11 8 756.204
10 14 598.099
10 25 598.099
10 9 693.495
10 11 598.099
9 10 693.495
9 11 693.495
9 8 756.204
8 11 756.204
8 9 756.204
8 7 877.419
7 8 877.419
7 6 728.814
6 13 728.814
6 7 728.814
6 5 853.119
5 13 853.119
5 6 853.119
5 4 673.591
4 13 673.591
4 17 673.591
4 5 673.591
4 3 924.939
3 18 924.939
3 4 924.939
3 2 740.741
2 3 740.741
2 1 608.133
1 19 608.133
1 2 608.133
1 0 616.148
0 19 616.148
0 20 616.148
0 1 616.148
