@nodes
label table_size
16 60
15 60
14 60
13 60
12 60
11 60
10 60
9 60
8 60
7 60
6 60
5 60
4 60
3 60
2 60
1 60
0 60
@arcs
       bandwidth
16 8 10.2849
16 0 10.2732
16 1 10.2757
16 5 10.519
15 1 10.2757
15 14 10.8108
15 13 10.3233
14 15 10.8108
14 12 10.6912
13 3 10.6912
13 15 10.3233
13 0 10.2732
13 12 10.6912
12 14 10.6912
12 13 10.6912
11 10 10.4839
11 1 10.2757
10 9 10.3236
10 11 10.4839
9 7 10.4918
9 8 10.2849
9 10 10.3236
8 9 10.2849
8 6 10.5629
8 16 10.2849
8 1 10.2757
7 9 10.4918
7 6 10.5629
6 7 10.5629
6 8 10.5629
5 16 10.519
5 0 10.2732
5 2 10.6098
4 3 10.6912
4 0 10.2732
4 2 10.6098
3 13 10.6912
3 4 10.6912
2 0 10.2732
2 4 10.6098
2 5 10.6098
1 8 10.2757
1 11 10.2757
1 16 10.2757
1 15 10.2757
1 0 10.2732
0 16 10.2732
0 2 10.2732
0 1 10.2732
0 13 10.2732
0 4 10.2732
0 5 10.2732
