@nodes
label table_size
16 60
15 60
14 60
13 60
12 60
11 60
10 60
9 60
8 60
7 60
6 60
5 60
4 60
3 60
2 60
1 60
0 60
@arcs
       bandwidth
16 8 11.5228
16 0 11.3761
16 1 11.5
16 5 13.2609
15 1 11.5
15 14 17.3171
15 13 12.1429
14 15 17.3171
14 12 14.4118
13 3 15.7692
13 15 12.1429
13 0 11.3761
13 12 14.4118
12 14 14.4118
12 13 14.4118
11 10 15.1724
11 1 11.5
10 9 12.5862
10 11 15.1724
9 7 13.8961
9 8 11.5228
9 10 12.5862
8 9 11.5228
8 6 14.918
8 16 11.5228
8 1 11.5
7 9 13.8961
7 6 14.918
6 7 14.918
6 8 14.918
5 16 13.2609
5 0 11.3761
5 2 13.3333
4 3 15.7692
4 0 11.3761
4 2 13.3333
3 13 15.7692
3 4 15.7692
2 0 11.3761
2 4 13.3333
2 5 13.3333
1 8 11.5
1 11 11.5
1 16 11.5
1 15 11.5
1 0 11.3761
0 16 11.3761
0 2 11.3761
0 1 11.3761
0 13 11.3761
0 4 11.3761
0 5 11.3761
