@nodes
label table_size
16 60
15 60
14 60
13 60
12 60
11 60
10 60
9 60
8 60
7 60
6 60
5 60
4 60
3 60
2 60
1 60
0 60
@arcs
       bandwidth
16 8 11.3575
16 0 11.3216
16 1 11.3514
16 5 12.6786
15 1 11.3514
15 14 15.3571
15 13 11.8293
14 15 15.3571
14 12 13.6585
13 3 15.4545
13 15 11.8293
13 0 11.3216
13 12 13.6585
12 14 13.6585
12 13 13.6585
11 10 13.7975
11 1 11.3514
10 9 12.0979
10 11 13.7975
9 7 13.3708
9 8 11.3575
9 10 12.0979
8 9 11.3575
8 6 13.7975
8 16 11.3575
8 1 11.3514
7 9 13.3708
7 6 13.7975
6 7 13.7975
6 8 13.7975
5 16 12.6786
5 0 11.3216
5 2 13.125
4 3 15.4545
4 0 11.3216
4 2 13.125
3 13 15.4545
3 4 15.4545
2 0 11.3216
2 4 13.125
2 5 13.125
1 8 11.3514
1 11 11.3514
1 16 11.3514
1 15 11.3514
1 0 11.3216
0 16 11.3216
0 2 11.3216
0 1 11.3216
0 13 11.3216
0 4 11.3216
0 5 11.3216
