@nodes
label table_size
16 60
15 60
14 60
13 60
12 60
11 60
10 60
9 60
8 60
7 60
6 60
5 60
4 60
3 60
2 60
1 60
0 60
@arcs
       bandwidth
16 8 10.6682
16 0 10.6667
16 1 10.6803
16 5 11.31
15 1 10.6803
15 14 12.381
15 13 10.8571
14 15 12.381
14 12 12.0548
13 3 11.9868
13 15 10.8571
13 0 10.6667
13 12 12.0548
12 14 12.0548
12 13 12.0548
11 10 11.3043
11 1 10.6803
10 9 10.8571
10 11 11.3043
9 7 11.3761
9 8 10.6682
9 10 10.8571
8 9 10.6682
8 6 11.5544
8 16 10.6682
8 1 10.6803
7 9 11.3761
7 6 11.5544
6 7 11.5544
6 8 11.5544
5 16 11.31
5 0 10.6667
5 2 11.5152
4 3 11.9868
4 0 10.6667
4 2 11.5152
3 13 11.9868
3 4 11.9868
2 0 10.6667
2 4 11.5152
2 5 11.5152
1 8 10.6803
1 11 10.6803
1 16 10.6803
1 15 10.6803
1 0 10.6667
0 16 10.6667
0 2 10.6667
0 1 10.6667
0 13 10.6667
0 4 10.6667
0 5 10.6667
