@nodes
label table_size
16 60
15 60
14 60
13 60
12 60
11 60
10 60
9 60
8 60
7 60
6 60
5 60
4 60
3 60
2 60
1 60
0 60
@arcs
       bandwidth
16 8 10.8596
16 0 10.8475
16 1 10.8824
16 5 11.7647
15 1 10.8824
15 14 13.2609
15 13 11.1583
14 15 13.2609
14 12 12.439
13 3 12.7273
13 15 11.1583
13 0 10.8475
13 12 12.439
12 14 12.439
12 13 12.439
11 10 12.0979
11 1 10.8824
10 9 11.1952
10 11 12.0979
9 7 11.8182
9 8 10.8596
9 10 11.1952
8 9 10.8596
8 6 12.2901
8 16 10.8596
8 1 10.8824
7 9 11.8182
7 6 12.2901
6 7 12.2901
6 8 12.2901
5 16 11.7647
5 0 10.8475
5 2 11.8868
4 3 12.7273
4 0 10.8475
4 2 11.8868
3 13 12.7273
3 4 12.7273
2 0 10.8475
2 4 11.8868
2 5 11.8868
1 8 10.8824
1 11 10.8824
1 16 10.8824
1 15 10.8824
1 0 10.8475
0 16 10.8475
0 2 10.8475
0 1 10.8475
0 13 10.8475
0 4 10.8475
0 5 10.8475
