@nodes
label table_size
16 60
15 60
14 60
13 60
12 60
11 60
10 60
9 60
8 60
7 60
6 60
5 60
4 60
3 60
2 60
1 60
0 60
@arcs
       bandwidth
16 8 12.5641
16 0 12.3077
16 1 12.3622
16 5 17.3171
15 1 12.3622
15 14 19.6774
15 13 13.4483
14 15 19.6774
14 12 17.8947
13 3 13.4483
13 15 13.4483
13 0 12.3077
13 12 17.8947
12 14 17.8947
12 13 17.8947
11 10 17.1429
11 1 12.3622
10 9 14.5455
10 11 17.1429
9 7 17.3171
9 8 12.5641
9 10 14.5455
8 9 12.5641
8 6 12.5641
8 16 12.5641
8 1 12.3622
7 9 17.3171
7 6 17.3171
6 7 17.3171
6 8 12.5641
5 16 17.3171
5 0 12.3077
5 2 16.8182
4 3 16.25
4 0 12.3077
4 2 16.8182
3 13 13.4483
3 4 16.25
2 0 12.3077
2 4 16.8182
2 5 16.8182
1 8 12.3622
1 11 12.3622
1 16 12.3622
1 15 12.3622
1 0 12.3077
0 16 12.3077
0 2 12.3077
0 1 12.3077
0 13 12.3077
0 4 12.3077
0 5 12.3077
