@nodes
label table_size
16 60
15 60
14 60
13 60
12 60
11 60
10 60
9 60
8 60
7 60
6 60
5 60
4 60
3 60
2 60
1 60
0 60
@arcs
       bandwidth
16 8 12.0134
16 0 11.8182
16 1 11.875
16 5 13.9474
15 1 11.875
15 14 19.0909
15 13 12.6087
14 15 19.0909
14 12 15.7692
13 3 19.0909
13 15 12.6087
13 0 11.8182
13 12 15.7692
12 14 15.7692
12 13 15.7692
11 10 16.9767
11 1 11.875
10 9 13.1579
10 11 16.9767
9 7 15.1724
9 8 12.0134
9 10 13.1579
8 9 12.0134
8 6 17.3171
8 16 12.0134
8 1 11.875
7 9 15.1724
7 6 17.3171
6 7 17.3171
6 8 17.3171
5 16 13.9474
5 0 11.8182
5 2 14.5455
4 3 19.0909
4 0 11.8182
4 2 14.5455
3 13 19.0909
3 4 19.0909
2 0 11.8182
2 4 14.5455
2 5 14.5455
1 8 11.875
1 11 11.875
1 16 11.875
1 15 11.875
1 0 11.8182
0 16 11.8182
0 2 11.8182
0 1 11.8182
0 13 11.8182
0 4 11.8182
0 5 11.8182
