@nodes
label table_size
16 60
15 60
14 60
13 60
12 60
11 60
10 60
9 60
8 60
7 60
6 60
5 60
4 60
3 60
2 60
1 60
0 60
@arcs
       bandwidth
16 8 12.027
16 0 11.8868
16 1 12.027
16 5 15.0847
15 1 12.027
15 14 17.8947
15 13 12.6087
14 15 17.8947
14 12 16.1224
13 3 17.6923
13 15 12.6087
13 0 11.8868
13 12 16.1224
12 14 16.1224
12 13 16.1224
11 10 18.8235
11 1 12.027
10 9 13.7037
10 11 18.8235
9 7 15.7692
9 8 12.027
9 10 13.7037
8 9 12.027
8 6 18.3333
8 16 12.027
8 1 12.027
7 9 15.7692
7 6 18.3333
6 7 18.3333
6 8 18.3333
5 16 15.0847
5 0 11.8868
5 2 14.918
4 3 17.6923
4 0 11.8868
4 2 14.918
3 13 17.6923
3 4 17.6923
2 0 11.8868
2 4 14.918
2 5 14.918
1 8 12.027
1 11 12.027
1 16 12.027
1 15 12.027
1 0 11.8868
0 16 11.8868
0 2 11.8868
0 1 11.8868
0 13 11.8868
0 4 11.8868
0 5 11.8868
