@nodes
label table_size
16 60
15 60
14 60
13 60
12 60
11 60
10 60
9 60
8 60
7 60
6 60
5 60
4 60
3 60
2 60
1 60
0 60
@arcs
       bandwidth
16 8 12.5
16 0 12.3438
16 1 12.459
16 5 17.1429
15 1 12.459
15 14 19.6774
15 13 13.6585
14 15 19.6774
14 12 19.0909
13 3 13.6585
13 15 13.6585
13 0 12.3438
13 12 19.0909
12 14 19.0909
12 13 19.0909
11 10 18.3333
11 1 12.459
10 9 14.3478
10 11 18.3333
9 7 18.1081
9 8 12.5
9 10 14.3478
8 9 12.5
8 6 12.5
8 16 12.5
8 1 12.459
7 9 18.1081
7 6 18.1081
6 7 18.1081
6 8 12.5
5 16 17.1429
5 0 12.3438
5 2 17.5
4 3 17.3171
4 0 12.3438
4 2 17.5
3 13 13.6585
3 4 17.3171
2 0 12.3438
2 4 17.5
2 5 17.5
1 8 12.459
1 11 12.459
1 16 12.459
1 15 12.459
1 0 12.3438
0 16 12.3438
0 2 12.3438
0 1 12.3438
0 13 12.3438
0 4 12.3438
0 5 12.3438
