@nodes
label table_size
16 60
15 60
14 60
13 60
12 60
11 60
10 60
9 60
8 60
7 60
6 60
5 60
4 60
3 60
2 60
1 60
0 60
@arcs
       bandwidth
16 8 10.3409
16 0 10.3413
16 1 10.3525
16 5 10.641
15 1 10.3525
15 14 11.1152
15 13 10.4149
14 15 11.1152
14 12 10.9615
13 3 10.9554
13 15 10.4149
13 0 10.3413
13 12 10.9615
12 14 10.9615
12 13 10.9615
11 10 10.6224
11 1 10.3525
10 9 10.4011
10 11 10.6224
9 7 10.5964
9 8 10.3409
9 10 10.4011
8 9 10.3409
8 6 10.6849
8 16 10.3409
8 1 10.3525
7 9 10.5964
7 6 10.6849
6 7 10.6849
6 8 10.6849
5 16 10.641
5 0 10.3413
5 2 10.7853
4 3 10.9554
4 0 10.3413
4 2 10.7853
3 13 10.9554
3 4 10.9554
2 0 10.3413
2 4 10.7853
2 5 10.7853
1 8 10.3525
1 11 10.3525
1 16 10.3525
1 15 10.3525
1 0 10.3413
0 16 10.3413
0 2 10.3413
0 1 10.3413
0 13 10.3413
0 4 10.3413
0 5 10.3413
