@nodes
label table_size
16 48
15 48
14 48
13 48
12 48
11 48
10 48
9 48
8 48
7 48
6 48
5 48
4 48
3 48
2 48
1 48
0 48
@arcs
       bandwidth
16 8 17.2228
16 0 17.1291
16 1 17.1492
16 5 18.5604
15 1 17.1492
15 14 19.029
15 13 17.5253
14 15 19.029
14 12 18.6842
13 3 19.8103
13 15 17.5253
13 0 17.1291
13 12 18.6842
12 14 18.6842
12 13 18.6842
11 10 19.2071
11 1 17.1492
10 9 17.8616
10 11 19.2071
9 7 18.5604
9 8 17.2228
9 10 17.8616
8 9 17.2228
8 6 19.3385
8 16 17.2228
8 1 17.1492
7 9 18.5604
7 6 19.3385
6 7 19.3385
6 8 19.3385
5 16 18.5604
5 0 17.1291
5 2 18.448
4 3 19.8103
4 0 17.1291
4 2 18.448
3 13 19.8103
3 4 19.8103
2 0 17.1291
2 4 18.448
2 5 18.448
1 8 17.1492
1 11 17.1492
1 16 17.1492
1 15 17.1492
1 0 17.1291
0 16 17.1291
0 2 17.1291
0 1 17.1291
0 13 17.1291
0 4 17.1291
0 5 17.1291
