@nodes
label table_size
21 231
20 231
19 231
18 231
17 231
16 231
15 231
14 231
13 231
12 231
11 231
10 231
9 231
8 231
7 231
6 231
5 231
4 231
3 231
2 231
1 231
0 231
@arcs
       bandwidth
21 18 27586.2
21 17 27586.2
21 15 27586.2
21 14 35876.3
21 10 37837.8
21 6 27230
20 9 31464
20 3 28800
19 8 40000
19 0 26844.4
18 21 27586.2
18 16 40000
18 4 23747
17 21 27586.2
17 5 34855.3
16 18 40000
16 3 28800
15 21 27586.2
15 0 26844.4
14 21 35876.3
14 11 35876.3
14 4 23747
14 1 35876.3
13 6 27230
13 1 40000
12 11 28936.2
12 7 28936.2
12 5 34855.3
12 4 23747
12 2 39828.3
11 14 35876.3
11 12 28936.2
10 21 37837.8
10 4 23747
9 20 31464
9 8 31464
9 0 26844.4
8 19 40000
8 9 31464
7 12 28936.2
7 4 23747
6 21 27230
6 13 27230
6 5 34855.3
6 4 23747
6 2 39828.3
6 1 27230
5 17 34855.3
5 12 34855.3
5 6 34855.3
4 18 23747
4 14 23747
4 12 23747
4 10 23747
4 7 23747
4 6 23747
4 3 28800
4 0 26844.4
3 20 28800
3 16 28800
3 4 28800
2 12 39828.3
2 6 39828.3
2 0 26844.4
1 14 35876.3
1 13 40000
1 6 27230
0 19 26844.4
0 15 26844.4
0 9 26844.4
0 4 26844.4
0 2 26844.4
