@nodes
label table_size
21 231
20 231
19 231
18 231
17 231
16 231
15 231
14 231
13 231
12 231
11 231
10 231
9 231
8 231
7 231
6 231
5 231
4 231
3 231
2 231
1 231
0 231
@arcs
       bandwidth
21 18 30669.7
21 17 30669.7
21 15 30669.7
21 14 30669.7
21 10 30669.7
21 6 28603.4
20 9 35247.5
20 3 30382
19 8 40000
19 0 28936.2
18 21 30669.7
18 16 40000
18 4 24013.9
17 21 30669.7
17 5 36800
16 18 40000
16 3 30382
15 21 30669.7
15 0 28936.2
14 21 30669.7
14 11 40000
14 4 24013.9
14 1 40000
13 6 28603.4
13 1 40000
12 11 30428.9
12 7 30428.9
12 5 36800
12 4 24013.9
12 2 30428.9
11 14 40000
11 12 30428.9
10 21 30669.7
10 4 24013.9
9 20 35247.5
9 8 35247.5
9 0 28936.2
8 19 40000
8 9 35247.5
7 12 30428.9
7 4 24013.9
6 21 28603.4
6 13 28603.4
6 5 36800
6 4 24013.9
6 2 28603.4
6 1 28603.4
5 17 36800
5 12 36800
5 6 36800
4 18 24013.9
4 14 24013.9
4 12 24013.9
4 10 24013.9
4 7 24013.9
4 6 24013.9
4 3 30382
4 0 28936.2
3 20 30382
3 16 30382
3 4 30382
2 12 30428.9
2 6 28603.4
2 0 28936.2
1 14 40000
1 13 40000
1 6 28603.4
0 19 28936.2
0 15 28936.2
0 9 28936.2
0 4 28936.2
0 2 28936.2
