@nodes
label table_size
21 231
20 231
19 231
18 231
17 231
16 231
15 231
14 231
13 231
12 231
11 231
10 231
9 231
8 231
7 231
6 231
5 231
4 231
3 231
2 231
1 231
0 231
@arcs
       bandwidth
21 18 35876.3
21 17 25185.2
21 15 25185.2
21 14 29221.6
21 10 31351.4
21 6 25185.2
20 9 26302.9
20 3 25220.3
19 8 31026.3
19 0 25049.2
18 21 35876.3
18 16 38554.2
18 4 22605.8
17 21 25185.2
17 5 29371.2
16 18 38554.2
16 3 25220.3
15 21 25185.2
15 0 25049.2
14 21 29221.6
14 11 32657.5
14 4 22605.8
14 1 34482.8
13 6 25185.2
13 1 34482.8
12 11 32657.5
12 7 38117.6
12 5 29371.2
12 4 22605.8
12 2 39659.6
11 14 32657.5
11 12 32657.5
10 21 31351.4
10 4 22605.8
9 20 26302.9
9 8 31026.3
9 0 25049.2
8 19 31026.3
8 9 31026.3
7 12 38117.6
7 4 22605.8
6 21 25185.2
6 13 25185.2
6 5 29371.2
6 4 22605.8
6 2 39659.6
6 1 34482.8
5 17 29371.2
5 12 29371.2
5 6 29371.2
4 18 22605.8
4 14 22605.8
4 12 22605.8
4 10 22605.8
4 7 22605.8
4 6 22605.8
4 3 25220.3
4 0 25049.2
3 20 25220.3
3 16 25220.3
3 4 25220.3
2 12 39659.6
2 6 39659.6
2 0 25049.2
1 14 34482.8
1 13 34482.8
1 6 34482.8
0 19 25049.2
0 15 25049.2
0 9 25049.2
0 4 25049.2
0 2 25049.2
