@nodes
label table_size
21 231
20 231
19 231
18 231
17 231
16 231
15 231
14 231
13 231
12 231
11 231
10 231
9 231
8 231
7 231
6 231
5 231
4 231
3 231
2 231
1 231
0 231
@arcs
       bandwidth
21 18 32190
21 17 34666.7
21 15 35451.5
21 14 26968.3
21 10 29685.5
21 6 24188.6
20 9 24817.5
20 3 24165.9
19 8 27843.8
19 0 23846.8
18 21 32190
18 16 32126
18 4 22243.8
17 21 34666.7
17 5 27207.5
16 18 32126
16 3 24165.9
15 21 35451.5
15 0 23846.8
14 21 26968.3
14 11 30109.4
14 4 22243.8
14 1 31815.9
13 6 24188.6
13 1 31815.9
12 11 30109.4
12 7 34574.1
12 5 27207.5
12 4 22243.8
12 2 30870.6
11 14 30109.4
11 12 30109.4
10 21 29685.5
10 4 22243.8
9 20 24817.5
9 8 27843.8
9 0 23846.8
8 19 27843.8
8 9 27843.8
7 12 34574.1
7 4 22243.8
6 21 24188.6
6 13 24188.6
6 5 27207.5
6 4 22243.8
6 2 30870.6
6 1 31815.9
5 17 27207.5
5 12 27207.5
5 6 27207.5
4 18 22243.8
4 14 22243.8
4 12 22243.8
4 10 22243.8
4 7 22243.8
4 6 22243.8
4 3 24165.9
4 0 23846.8
3 20 24165.9
3 16 24165.9
3 4 24165.9
2 12 30870.6
2 6 30870.6
2 0 23846.8
1 14 31815.9
1 13 31815.9
1 6 31815.9
0 19 23846.8
0 15 23846.8
0 9 23846.8
0 4 23846.8
0 2 23846.8
