@nodes
label table_size
9 45
8 45
7 45
6 45
5 45
4 45
3 45
2 45
1 45
0 45
@arcs
       bandwidth
9 0 47792.2
9 2 67692.3
9 3 69508.2
9 5 66087
9 7 62784.8
9 4 72727.3
9 6 68571.4
9 1 63376.6
9 8 62222.2
8 0 47792.2
8 7 62784.8
8 1 63376.6
8 5 66087
8 3 69508.2
8 4 72727.3
8 6 68571.4
8 2 67692.3
8 9 62222.2
7 8 62784.8
7 4 72727.3
7 3 69508.2
7 9 62784.8
7 0 47792.2
7 1 63376.6
7 6 68571.4
7 5 66087
7 2 67692.3
6 1 63376.6
6 0 47792.2
6 5 66087
6 3 69508.2
6 7 68571.4
6 8 68571.4
6 4 72727.3
6 2 67692.3
6 9 68571.4
5 6 66087
5 8 66087
5 0 47792.2
5 3 69508.2
5 9 66087
5 1 63376.6
5 7 66087
5 4 72727.3
5 2 67692.3
4 0 47792.2
4 7 72727.3
4 1 63376.6
4 9 72727.3
4 8 72727.3
4 6 72727.3
4 5 72727.3
4 3 69508.2
4 2 67692.3
3 5 69508.2
3 6 69508.2
3 7 69508.2
3 8 69508.2
3 2 67692.3
3 9 69508.2
3 1 63376.6
3 4 69508.2
3 0 47792.2
2 3 67692.3
2 1 63376.6
2 0 47792.2
2 9 67692.3
2 6 67692.3
2 5 67692.3
2 7 67692.3
2 8 67692.3
2 4 67692.3
1 8 63376.6
1 4 63376.6
1 0 47792.2
1 6 63376.6
1 2 63376.6
1 7 63376.6
1 5 63376.6
1 3 63376.6
1 9 63376.6
0 4 47792.2
0 8 47792.2
0 1 47792.2
0 6 47792.2
0 5 47792.2
0 2 47792.2
0 9 47792.2
0 7 47792.2
0 3 47792.2
