@nodes
label table_size
9 45
8 45
7 45
6 45
5 45
4 45
3 45
2 45
1 45
0 45
@arcs
       bandwidth
9 0 44774.5
9 2 53533.8
9 3 54173.2
9 5 54876
9 7 52080.5
9 4 53333.3
9 6 55126.1
9 1 51180.1
9 8 52587.4
8 0 44774.5
8 7 52080.5
8 1 51180.1
8 5 54876
8 3 54173.2
8 4 53333.3
8 6 55126.1
8 2 53533.8
8 9 52587.4
7 8 52080.5
7 4 53333.3
7 3 54173.2
7 9 52080.5
7 0 44774.5
7 1 51180.1
7 6 55126.1
7 5 54876
7 2 53533.8
6 1 51180.1
6 0 44774.5
6 5 54876
6 3 54173.2
6 7 55126.1
6 8 55126.1
6 4 53333.3
6 2 53533.8
6 9 55126.1
5 6 54876
5 8 54876
5 0 44774.5
5 3 54173.2
5 9 54876
5 1 51180.1
5 7 54876
5 4 53333.3
5 2 53533.8
4 0 44774.5
4 7 53333.3
4 1 51180.1
4 9 53333.3
4 8 53333.3
4 6 53333.3
4 5 53333.3
4 3 54173.2
4 2 53533.8
3 5 54173.2
3 6 54173.2
3 7 54173.2
3 8 54173.2
3 2 53533.8
3 9 54173.2
3 1 51180.1
3 4 54173.2
3 0 44774.5
2 3 53533.8
2 1 51180.1
2 0 44774.5
2 9 53533.8
2 6 53533.8
2 5 53533.8
2 7 53533.8
2 8 53533.8
2 4 53533.8
1 8 51180.1
1 4 51180.1
1 0 44774.5
1 6 51180.1
1 2 51180.1
1 7 51180.1
1 5 51180.1
1 3 51180.1
1 9 51180.1
0 4 44774.5
0 8 44774.5
0 1 44774.5
0 6 44774.5
0 5 44774.5
0 2 44774.5
0 9 44774.5
0 7 44774.5
0 3 44774.5
