@nodes
label table_size
23 163
22 163
21 163
20 163
19 163
18 163
17 163
16 163
15 163
14 163
13 163
12 163
11 163
10 163
9 163
8 163
7 163
6 163
5 163
4 163
3 163
2 163
1 163
0 163
@arcs
       bandwidth
23 13 469333
23 22 361536
22 16 361536
22 14 329943
22 23 361536
22 13 469333
22 8 361536
22 19 306405
21 11 312317
21 7 504000
21 19 306405
20 17 394131
20 9 404699
19 16 306405
19 8 306405
19 7 306405
19 0 306405
19 22 306405
19 21 306405
19 16 306405
19 14 329943
19 11 312317
19 3 306405
19 2 368363
18 6 312853
18 15 339210
18 14 329943
18 1 304865
17 15 339210
17 15 339210
17 14 329943
17 20 394131
17 10 394131
16 19 306405
16 22 361536
16 0 504000
16 19 306405
15 17 339210
15 10 339210
15 6 339210
15 18 339210
15 9 404699
15 17 339210
15 10 339210
15 14 329943
14 22 329943
14 17 329943
14 18 329943
14 15 329943
14 10 329943
14 9 404699
14 5 329943
14 4 335318
14 2 368363
14 1 304865
14 19 329943
13 2 368363
13 23 469333
13 22 469333
12 1 304865
12 4 335318
12 11 312317
11 12 312317
11 3 312317
11 4 335318
11 21 312317
11 1 304865
11 19 312317
10 15 339210
10 15 339210
10 17 394131
10 14 329943
9 6 404699
9 15 404699
9 14 404699
9 20 404699
8 19 306405
8 0 504000
8 22 361536
7 19 306405
7 21 504000
7 3 504000
6 9 404699
6 15 339210
6 18 312853
5 14 329943
5 4 335318
4 2 368363
4 12 335318
4 11 335318
4 1 304865
4 14 335318
4 5 335318
4 2 368363
3 11 312317
3 7 504000
3 19 306405
2 4 368363
2 4 368363
2 14 368363
2 13 368363
2 19 368363
1 12 304865
1 4 304865
1 18 304865
1 14 304865
1 11 304865
0 19 306405
0 8 504000
0 16 504000
