@nodes
label table_size
23 163
22 163
21 163
20 163
19 163
18 163
17 163
16 163
15 163
14 163
13 163
12 163
11 163
10 163
9 163
8 163
7 163
6 163
5 163
4 163
3 163
2 163
1 163
0 163
@arcs
       bandwidth
23 13 441290
23 22 327369
22 16 373887
22 14 330841
22 23 327369
22 13 441290
22 8 500945
22 19 285807
21 11 289240
21 7 402462
21 19 285807
20 17 381577
20 9 341102
19 16 373887
19 8 500945
19 7 285807
19 0 398178
19 22 285807
19 21 285807
19 16 373887
19 14 330841
19 11 289240
19 3 407004
19 2 371061
18 6 296599
18 15 309935
18 14 330841
18 1 291764
17 15 309935
17 15 309935
17 14 330841
17 20 381577
17 10 458412
16 19 373887
16 22 373887
16 0 398178
16 19 373887
15 17 309935
15 10 458412
15 6 309935
15 18 309935
15 9 341102
15 17 309935
15 10 458412
15 14 330841
14 22 330841
14 17 330841
14 18 330841
14 15 330841
14 10 458412
14 9 341102
14 5 330841
14 4 316687
14 2 371061
14 1 291764
14 19 330841
13 2 371061
13 23 441290
13 22 441290
12 1 291764
12 4 316687
12 11 289240
11 12 289240
11 3 407004
11 4 316687
11 21 289240
11 1 291764
11 19 289240
10 15 458412
10 15 458412
10 17 458412
10 14 458412
9 6 341102
9 15 341102
9 14 341102
9 20 341102
8 19 500945
8 0 398178
8 22 500945
7 19 285807
7 21 402462
7 3 407004
6 9 341102
6 15 309935
6 18 296599
5 14 330841
5 4 316687
4 2 371061
4 12 316687
4 11 316687
4 1 291764
4 14 316687
4 5 316687
4 2 371061
3 11 407004
3 7 407004
3 19 407004
2 4 371061
2 4 371061
2 14 371061
2 13 371061
2 19 371061
1 12 291764
1 4 291764
1 18 291764
1 14 291764
1 11 291764
0 19 398178
0 8 398178
0 16 398178
