@nodes
label table_size
23 163
22 163
21 163
20 163
19 163
18 163
17 163
16 163
15 163
14 163
13 163
12 163
11 163
10 163
9 163
8 163
7 163
6 163
5 163
4 163
3 163
2 163
1 163
0 163
@arcs
       bandwidth
23 13 292152
23 22 272365
22 16 299052
22 14 285099
22 23 272365
22 13 292152
22 8 285752
22 19 261773
21 11 261216
21 7 295102
21 19 261773
20 17 278586
20 9 284887
19 16 299052
19 8 285752
19 7 295102
19 0 286547
19 22 261773
19 21 261773
19 16 299052
19 14 285099
19 11 261216
19 3 282723
19 2 294743
18 6 277689
18 15 265280
18 14 285099
18 1 261667
17 15 265280
17 15 265280
17 14 285099
17 20 278586
17 10 292469
16 19 299052
16 22 299052
16 0 286547
16 19 299052
15 17 265280
15 10 292469
15 6 277689
15 18 265280
15 9 284887
15 17 265280
15 10 292469
15 14 285099
14 22 285099
14 17 285099
14 18 285099
14 15 285099
14 10 292469
14 9 284887
14 5 337397
14 4 274884
14 2 294743
14 1 261667
14 19 285099
13 2 294743
13 23 292152
13 22 292152
12 1 261667
12 4 274884
12 11 261216
11 12 261216
11 3 282723
11 4 274884
11 21 261216
11 1 261667
11 19 261216
10 15 292469
10 15 292469
10 17 292469
10 14 292469
9 6 277689
9 15 284887
9 14 284887
9 20 284887
8 19 285752
8 0 286547
8 22 285752
7 19 295102
7 21 295102
7 3 282723
6 9 277689
6 15 277689
6 18 277689
5 14 337397
5 4 274884
4 2 294743
4 12 274884
4 11 274884
4 1 261667
4 14 274884
4 5 274884
4 2 294743
3 11 282723
3 7 282723
3 19 282723
2 4 294743
2 4 294743
2 14 294743
2 13 294743
2 19 294743
1 12 261667
1 4 261667
1 18 261667
1 14 261667
1 11 261667
0 19 286547
0 8 286547
0 16 286547
