@nodes
label table_size
23 163
22 163
21 163
20 163
19 163
18 163
17 163
16 163
15 163
14 163
13 163
12 163
11 163
10 163
9 163
8 163
7 163
6 163
5 163
4 163
3 163
2 163
1 163
0 163
@arcs
       bandwidth
23 13 504000
23 22 385798
22 16 385798
22 14 328492
22 23 385798
22 13 385798
22 8 385798
22 19 313583
21 11 322699
21 7 504000
21 19 313583
20 17 434560
20 9 454345
19 16 313583
19 8 313583
19 7 313583
19 0 313583
19 22 313583
19 21 313583
19 16 313583
19 14 328492
19 11 322699
19 3 313583
19 2 370375
18 6 331145
18 15 375351
18 14 328492
18 1 318145
17 15 375351
17 15 375351
17 14 328492
17 20 434560
17 10 434560
16 19 313583
16 22 385798
16 0 504000
16 19 313583
15 17 375351
15 10 375351
15 6 375351
15 18 375351
15 9 454345
15 17 375351
15 10 375351
15 14 328492
14 22 328492
14 17 328492
14 18 328492
14 15 328492
14 10 328492
14 9 454345
14 5 328492
14 4 339582
14 2 370375
14 1 318145
14 19 328492
13 2 370375
13 23 504000
13 22 385798
12 1 318145
12 4 339582
12 11 322699
11 12 322699
11 3 322699
11 4 339582
11 21 322699
11 1 318145
11 19 322699
10 15 375351
10 15 375351
10 17 434560
10 14 328492
9 6 454345
9 15 454345
9 14 454345
9 20 454345
8 19 313583
8 0 504000
8 22 385798
7 19 313583
7 21 504000
7 3 504000
6 9 454345
6 15 375351
6 18 331145
5 14 328492
5 4 339582
4 2 370375
4 12 339582
4 11 339582
4 1 318145
4 14 339582
4 5 339582
4 2 370375
3 11 322699
3 7 504000
3 19 313583
2 4 370375
2 4 370375
2 14 370375
2 13 370375
2 19 370375
1 12 318145
1 4 318145
1 18 318145
1 14 318145
1 11 318145
0 19 313583
0 8 504000
0 16 504000
