@nodes
label table_size
23 163
22 163
21 163
20 163
19 163
18 163
17 163
16 163
15 163
14 163
13 163
12 163
11 163
10 163
9 163
8 163
7 163
6 163
5 163
4 163
3 163
2 163
1 163
0 163
@arcs
       bandwidth
23 13 258230
23 22 255091
22 16 256287
22 14 264760
22 23 255091
22 13 258230
22 8 258429
22 19 253956
21 11 253926
21 7 257144
21 19 253956
20 17 257796
20 9 259032
19 16 256287
19 8 258429
19 7 257144
19 0 258054
19 22 253956
19 21 253956
19 16 256287
19 14 264760
19 11 253926
19 3 256714
19 2 273097
18 6 256653
18 15 254864
18 14 264760
18 1 254120
17 15 254864
17 15 254864
17 14 264760
17 20 257796
17 10 259619
16 19 256287
16 22 256287
16 0 258054
16 19 256287
15 17 254864
15 10 259619
15 6 256653
15 18 254864
15 9 259032
15 17 254864
15 10 259619
15 14 264760
14 22 264760
14 17 264760
14 18 264760
14 15 264760
14 10 259619
14 9 259032
14 5 276377
14 4 259566
14 2 273097
14 1 254120
14 19 264760
13 2 273097
13 23 258230
13 22 258230
12 1 254120
12 4 259566
12 11 253926
11 12 253926
11 3 256714
11 4 259566
11 21 253926
11 1 254120
11 19 253926
10 15 259619
10 15 259619
10 17 259619
10 14 259619
9 6 256653
9 15 259032
9 14 259032
9 20 259032
8 19 258429
8 0 258054
8 22 258429
7 19 257144
7 21 257144
7 3 256714
6 9 256653
6 15 256653
6 18 256653
5 14 276377
5 4 259566
4 2 273097
4 12 259566
4 11 259566
4 1 254120
4 14 259566
4 5 259566
4 2 273097
3 11 256714
3 7 256714
3 19 256714
2 4 273097
2 4 273097
2 14 273097
2 13 273097
2 19 273097
1 12 254120
1 4 254120
1 18 254120
1 14 254120
1 11 254120
0 19 258054
0 8 258054
0 16 258054
