@nodes
label table_size
23 163
22 163
21 163
20 163
19 163
18 163
17 163
16 163
15 163
14 163
13 163
12 163
11 163
10 163
9 163
8 163
7 163
6 163
5 163
4 163
3 163
2 163
1 163
0 163
@arcs
       bandwidth
23 13 328208
23 22 282540
22 16 302524
22 14 308971
22 23 282540
22 13 328208
22 8 315882
22 19 267495
21 11 268027
21 7 343078
21 19 267495
20 17 315487
20 9 296990
19 16 302524
19 8 315882
19 7 343078
19 0 307136
19 22 267495
19 21 267495
19 16 302524
19 14 308971
19 11 268027
19 3 304193
19 2 339210
18 6 305554
18 15 279848
18 14 308971
18 1 269759
17 15 279848
17 15 279848
17 14 308971
17 20 315487
17 10 330841
16 19 302524
16 22 302524
16 0 307136
16 19 302524
15 17 279848
15 10 330841
15 6 305554
15 18 279848
15 9 296990
15 17 279848
15 10 330841
15 14 308971
14 22 308971
14 17 308971
14 18 308971
14 15 308971
14 10 330841
14 9 296990
14 5 391241
14 4 292790
14 2 339210
14 1 269759
14 19 308971
13 2 339210
13 23 328208
13 22 328208
12 1 269759
12 4 292790
12 11 268027
11 12 268027
11 3 304193
11 4 292790
11 21 268027
11 1 269759
11 19 268027
10 15 330841
10 15 330841
10 17 330841
10 14 330841
9 6 305554
9 15 296990
9 14 296990
9 20 296990
8 19 315882
8 0 307136
8 22 315882
7 19 343078
7 21 343078
7 3 304193
6 9 305554
6 15 305554
6 18 305554
5 14 391241
5 4 292790
4 2 339210
4 12 292790
4 11 292790
4 1 269759
4 14 292790
4 5 292790
4 2 339210
3 11 304193
3 7 304193
3 19 304193
2 4 339210
2 4 339210
2 14 339210
2 13 339210
2 19 339210
1 12 269759
1 4 269759
1 18 269759
1 14 269759
1 11 269759
0 19 307136
0 8 307136
0 16 307136
