@nodes
label table_size
23 163
22 163
21 163
20 163
19 163
18 163
17 163
16 163
15 163
14 163
13 163
12 163
11 163
10 163
9 163
8 163
7 163
6 163
5 163
4 163
3 163
2 163
1 163
0 163
@arcs
       bandwidth
23 13 344306
23 22 298205
22 16 375351
22 14 302032
22 23 298205
22 13 344306
22 8 352924
22 19 274582
21 11 274582
21 7 432952
21 19 274582
20 17 314521
20 9 329648
19 16 375351
19 8 352924
19 7 432952
19 0 342277
19 22 274582
19 21 274582
19 16 375351
19 14 302032
19 11 274582
19 3 382400
19 2 324959
18 6 325219
18 15 286605
18 14 302032
18 1 274986
17 15 286605
17 15 286605
17 14 302032
17 20 314521
17 10 350504
16 19 375351
16 22 375351
16 0 342277
16 19 375351
15 17 286605
15 10 350504
15 6 325219
15 18 286605
15 9 329648
15 17 286605
15 10 350504
15 14 302032
14 22 302032
14 17 302032
14 18 302032
14 15 302032
14 10 350504
14 9 329648
14 5 428292
14 4 294832
14 2 324959
14 1 274986
14 19 302032
13 2 324959
13 23 344306
13 22 344306
12 1 274986
12 4 294832
12 11 274582
11 12 274582
11 3 382400
11 4 294832
11 21 274582
11 1 274986
11 19 274582
10 15 350504
10 15 350504
10 17 350504
10 14 350504
9 6 325219
9 15 329648
9 14 329648
9 20 329648
8 19 352924
8 0 342277
8 22 352924
7 19 432952
7 21 432952
7 3 382400
6 9 325219
6 15 325219
6 18 325219
5 14 428292
5 4 294832
4 2 324959
4 12 294832
4 11 294832
4 1 274986
4 14 294832
4 5 294832
4 2 324959
3 11 382400
3 7 382400
3 19 382400
2 4 324959
2 4 324959
2 14 324959
2 13 324959
2 19 324959
1 12 274986
1 4 274986
1 18 274986
1 14 274986
1 11 274986
0 19 342277
0 8 342277
0 16 342277
