@nodes
label table_size
23 163
22 163
21 163
20 163
19 163
18 163
17 163
16 163
15 163
14 163
13 163
12 163
11 163
10 163
9 163
8 163
7 163
6 163
5 163
4 163
3 163
2 163
1 163
0 163
@arcs
       bandwidth
23 13 301910
23 22 272426
22 16 281487
22 14 298101
22 23 272426
22 13 301910
22 8 296599
22 19 262722
21 11 262910
21 7 300268
21 19 262722
20 17 292629
20 9 288642
19 16 281487
19 8 296599
19 7 300268
19 0 291157
19 22 262722
19 21 262722
19 16 281487
19 14 298101
19 11 262910
19 3 283817
19 2 320119
18 6 281830
18 15 272165
18 14 298101
18 1 264436
17 15 272165
17 15 272165
17 14 298101
17 20 292629
17 10 298519
16 19 281487
16 22 281487
16 0 291157
16 19 281487
15 17 272165
15 10 298519
15 6 281830
15 18 272165
15 9 288642
15 17 272165
15 10 298519
15 14 298101
14 22 298101
14 17 298101
14 18 298101
14 15 298101
14 10 298519
14 9 288642
14 5 351942
14 4 282861
14 2 320119
14 1 264436
14 19 298101
13 2 320119
13 23 301910
13 22 301910
12 1 264436
12 4 282861
12 11 262910
11 12 262910
11 3 283817
11 4 282861
11 21 262910
11 1 264436
11 19 262910
10 15 298519
10 15 298519
10 17 298519
10 14 298519
9 6 281830
9 15 288642
9 14 288642
9 20 288642
8 19 296599
8 0 291157
8 22 296599
7 19 300268
7 21 300268
7 3 283817
6 9 281830
6 15 281830
6 18 281830
5 14 351942
5 4 282861
4 2 320119
4 12 282861
4 11 282861
4 1 264436
4 14 282861
4 5 282861
4 2 320119
3 11 283817
3 7 283817
3 19 283817
2 4 320119
2 4 320119
2 14 320119
2 13 320119
2 19 320119
1 12 264436
1 4 264436
1 18 264436
1 14 264436
1 11 264436
0 19 291157
0 8 291157
0 16 291157
