@nodes
label table_size
23 163
22 163
21 163
20 163
19 163
18 163
17 163
16 163
15 163
14 163
13 163
12 163
11 163
10 163
9 163
8 163
7 163
6 163
5 163
4 163
3 163
2 163
1 163
0 163
@arcs
       bandwidth
23 13 356519
23 22 294654
22 16 321268
22 14 317304
22 23 294654
22 13 356519
22 8 363317
22 19 273250
21 11 274483
21 7 416964
21 19 273250
20 17 316282
20 9 319894
19 16 321268
19 8 363317
19 7 416964
19 0 336693
19 22 273250
19 21 273250
19 16 321268
19 14 317304
19 11 274483
19 3 333988
19 2 346428
18 6 354947
18 15 284626
18 14 317304
18 1 275648
17 15 284626
17 15 284626
17 14 317304
17 20 316282
17 10 345995
16 19 321268
16 22 321268
16 0 336693
16 19 321268
15 17 284626
15 10 345995
15 6 354947
15 18 284626
15 9 319894
15 17 284626
15 10 345995
15 14 317304
14 22 317304
14 17 317304
14 18 317304
14 15 317304
14 10 345995
14 9 319894
14 5 425316
14 4 299818
14 2 346428
14 1 275648
14 19 317304
13 2 346428
13 23 356519
13 22 356519
12 1 275648
12 4 299818
12 11 274483
11 12 274483
11 3 333988
11 4 299818
11 21 274483
11 1 275648
11 19 274483
10 15 345995
10 15 345995
10 17 345995
10 14 345995
9 6 354947
9 15 319894
9 14 319894
9 20 319894
8 19 363317
8 0 336693
8 22 363317
7 19 416964
7 21 416964
7 3 333988
6 9 354947
6 15 354947
6 18 354947
5 14 425316
5 4 299818
4 2 346428
4 12 299818
4 11 299818
4 1 275648
4 14 299818
4 5 299818
4 2 346428
3 11 333988
3 7 333988
3 19 333988
2 4 346428
2 4 346428
2 14 346428
2 13 346428
2 19 346428
1 12 275648
1 4 275648
1 18 275648
1 14 275648
1 11 275648
0 19 336693
0 8 336693
0 16 336693
