@nodes
label table_size
23 163
22 163
21 163
20 163
19 163
18 163
17 163
16 163
15 163
14 163
13 163
12 163
11 163
10 163
9 163
8 163
7 163
6 163
5 163
4 163
3 163
2 163
1 163
0 163
@arcs
       bandwidth
23 13 386675
23 22 317097
22 16 489434
22 14 313768
22 23 317097
22 13 386675
22 8 462646
22 19 284267
21 11 285477
21 7 443051
21 19 284267
20 17 340717
20 9 353926
19 16 489434
19 8 462646
19 7 284267
19 0 411829
19 22 284267
19 21 284267
19 16 489434
19 14 313768
19 11 285477
19 3 469333
19 2 351942
18 6 376097
18 15 303929
18 14 313768
18 1 284216
17 15 303929
17 15 303929
17 14 313768
17 20 340717
17 10 387564
16 19 489434
16 22 489434
16 0 411829
16 19 489434
15 17 303929
15 10 387564
15 6 376097
15 18 303929
15 9 353926
15 17 303929
15 10 387564
15 14 313768
14 22 313768
14 17 313768
14 18 313768
14 15 313768
14 10 387564
14 9 353926
14 5 313768
14 4 315882
14 2 351942
14 1 284216
14 19 313768
13 2 351942
13 23 386675
13 22 386675
12 1 284216
12 4 315882
12 11 285477
11 12 285477
11 3 469333
11 4 315882
11 21 285477
11 1 284216
11 19 285477
10 15 387564
10 15 387564
10 17 387564
10 14 387564
9 6 376097
9 15 353926
9 14 353926
9 20 353926
8 19 462646
8 0 411829
8 22 462646
7 19 284267
7 21 443051
7 3 469333
6 9 376097
6 15 376097
6 18 376097
5 14 313768
5 4 315882
4 2 351942
4 12 315882
4 11 315882
4 1 284216
4 14 315882
4 5 315882
4 2 351942
3 11 469333
3 7 469333
3 19 469333
2 4 351942
2 4 351942
2 14 351942
2 13 351942
2 19 351942
1 12 284216
1 4 284216
1 18 284216
1 14 284216
1 11 284216
0 19 411829
0 8 411829
0 16 411829
