@nodes
label table_size
23 163
22 163
21 163
20 163
19 163
18 163
17 163
16 163
15 163
14 163
13 163
12 163
11 163
10 163
9 163
8 163
7 163
6 163
5 163
4 163
3 163
2 163
1 163
0 163
@arcs
       bandwidth
23 13 260181
23 22 256151
22 16 258567
22 14 267460
22 23 256151
22 13 260181
22 8 260653
22 19 254565
21 11 254549
21 7 259552
21 19 254565
20 17 259793
20 9 261018
19 16 258567
19 8 260653
19 7 259552
19 0 260398
19 22 254565
19 21 254565
19 16 258567
19 14 267460
19 11 254549
19 3 258180
19 2 276940
18 6 258588
18 15 255974
18 14 267460
18 1 254936
17 15 255974
17 15 255974
17 14 267460
17 20 259793
17 10 264207
16 19 258567
16 22 258567
16 0 260398
16 19 258567
15 17 255974
15 10 264207
15 6 258588
15 18 255974
15 9 261018
15 17 255974
15 10 264207
15 14 267460
14 22 267460
14 17 267460
14 18 267460
14 15 267460
14 10 264207
14 9 261018
14 5 282181
14 4 261934
14 2 276940
14 1 254936
14 19 267460
13 2 276940
13 23 260181
13 22 260181
12 1 254936
12 4 261934
12 11 254549
11 12 254549
11 3 258180
11 4 261934
11 21 254549
11 1 254936
11 19 254549
10 15 264207
10 15 264207
10 17 264207
10 14 264207
9 6 258588
9 15 261018
9 14 261018
9 20 261018
8 19 260653
8 0 260398
8 22 260653
7 19 259552
7 21 259552
7 3 258180
6 9 258588
6 15 258588
6 18 258588
5 14 282181
5 4 261934
4 2 276940
4 12 261934
4 11 261934
4 1 254936
4 14 261934
4 5 261934
4 2 276940
3 11 258180
3 7 258180
3 19 258180
2 4 276940
2 4 276940
2 14 276940
2 13 276940
2 19 276940
1 12 254936
1 4 254936
1 18 254936
1 14 254936
1 11 254936
0 19 260398
0 8 260398
0 16 260398
