@nodes
label table_size
23 163
22 163
21 163
20 163
19 163
18 163
17 163
16 163
15 163
14 163
13 163
12 163
11 163
10 163
9 163
8 163
7 163
6 163
5 163
4 163
3 163
2 163
1 163
0 163
@arcs
       bandwidth
23 13 321268
23 22 284066
22 16 344722
22 14 300042
22 23 284066
22 13 321268
22 8 330841
22 19 269065
21 11 268570
21 7 361536
21 19 269065
20 17 299818
20 9 308971
19 16 344722
19 8 330841
19 7 361536
19 0 326548
19 22 269065
19 21 269065
19 16 344722
19 14 300042
19 11 268570
19 3 323189
19 2 325481
18 6 302277
18 15 276849
18 14 300042
18 1 269108
17 15 276849
17 15 276849
17 14 300042
17 20 299818
17 10 323437
16 19 344722
16 22 344722
16 0 326548
16 19 344722
15 17 276849
15 10 323437
15 6 302277
15 18 276849
15 9 308971
15 17 276849
15 10 323437
15 14 300042
14 22 300042
14 17 300042
14 18 300042
14 15 300042
14 10 323437
14 9 308971
14 5 401367
14 4 293117
14 2 325481
14 1 269108
14 19 300042
13 2 325481
13 23 321268
13 22 321268
12 1 269108
12 4 293117
12 11 268570
11 12 268570
11 3 323189
11 4 293117
11 21 268570
11 1 269108
11 19 268570
10 15 323437
10 15 323437
10 17 323437
10 14 323437
9 6 302277
9 15 308971
9 14 308971
9 20 308971
8 19 330841
8 0 326548
8 22 330841
7 19 361536
7 21 361536
7 3 323189
6 9 302277
6 15 302277
6 18 302277
5 14 401367
5 4 293117
4 2 325481
4 12 293117
4 11 293117
4 1 269108
4 14 293117
4 5 293117
4 2 325481
3 11 323189
3 7 323189
3 19 323189
2 4 325481
2 4 325481
2 14 325481
2 13 325481
2 19 325481
1 12 269108
1 4 269108
1 18 269108
1 14 269108
1 11 269108
0 19 326548
0 8 326548
0 16 326548
