@nodes
label table_size
23 163
22 163
21 163
20 163
19 163
18 163
17 163
16 163
15 163
14 163
13 163
12 163
11 163
10 163
9 163
8 163
7 163
6 163
5 163
4 163
3 163
2 163
1 163
0 163
@arcs
       bandwidth
23 13 396126
23 22 314521
22 16 383233
22 14 322699
22 23 314521
22 13 396126
22 8 456358
22 19 281961
21 11 283916
21 7 474032
21 19 281961
20 17 349106
20 9 332699
19 16 383233
19 8 456358
19 7 474032
19 0 390303
19 22 281961
19 21 281961
19 16 383233
19 14 322699
19 11 283916
19 3 394131
19 2 355466
18 6 373168
18 15 296892
18 14 322699
18 1 284166
17 15 296892
17 15 296892
17 14 322699
17 20 349106
17 10 389378
16 19 383233
16 22 383233
16 0 390303
16 19 383233
15 17 296892
15 10 389378
15 6 373168
15 18 296892
15 9 332699
15 17 296892
15 10 389378
15 14 322699
14 22 322699
14 17 322699
14 18 322699
14 15 322699
14 10 389378
14 9 332699
14 5 495053
14 4 309449
14 2 355466
14 1 284166
14 19 322699
13 2 355466
13 23 396126
13 22 396126
12 1 284166
12 4 309449
12 11 283916
11 12 283916
11 3 394131
11 4 309449
11 21 283916
11 1 284166
11 19 283916
10 15 389378
10 15 389378
10 17 389378
10 14 389378
9 6 373168
9 15 332699
9 14 332699
9 20 332699
8 19 456358
8 0 390303
8 22 456358
7 19 474032
7 21 474032
7 3 394131
6 9 373168
6 15 373168
6 18 373168
5 14 495053
5 4 309449
4 2 355466
4 12 309449
4 11 309449
4 1 284166
4 14 309449
4 5 309449
4 2 355466
3 11 394131
3 7 394131
3 19 394131
2 4 355466
2 4 355466
2 14 355466
2 13 355466
2 19 355466
1 12 284166
1 4 284166
1 18 284166
1 14 284166
1 11 284166
0 19 390303
0 8 390303
0 16 390303
