@nodes
label table_size
23 163
22 163
21 163
20 163
19 163
18 163
17 163
16 163
15 163
14 163
13 163
12 163
11 163
10 163
9 163
8 163
7 163
6 163
5 163
4 163
3 163
2 163
1 163
0 163
@arcs
       bandwidth
23 13 413082
23 22 336693
22 16 336693
22 14 314521
22 23 336693
22 13 413082
22 8 484068
22 19 290642
21 11 292549
21 7 495053
21 19 290642
20 17 358691
20 9 376851
19 16 290642
19 8 484068
19 7 290642
19 0 443051
19 22 290642
19 21 290642
19 16 290642
19 14 314521
19 11 292549
19 3 290642
19 2 341490
18 6 456358
18 15 316081
18 14 314521
18 1 290425
17 15 316081
17 15 316081
17 14 314521
17 20 358691
17 10 450435
16 19 290642
16 22 336693
16 0 443051
16 19 290642
15 17 316081
15 10 450435
15 6 456358
15 18 316081
15 9 376851
15 17 316081
15 10 450435
15 14 314521
14 22 314521
14 17 314521
14 18 314521
14 15 314521
14 10 450435
14 9 376851
14 5 314521
14 4 312853
14 2 341490
14 1 290425
14 19 314521
13 2 341490
13 23 413082
13 22 413082
12 1 290425
12 4 312853
12 11 292549
11 12 292549
11 3 292549
11 4 312853
11 21 292549
11 1 290425
11 19 292549
10 15 450435
10 15 450435
10 17 450435
10 14 450435
9 6 456358
9 15 376851
9 14 376851
9 20 376851
8 19 484068
8 0 443051
8 22 484068
7 19 290642
7 21 495053
7 3 504000
6 9 456358
6 15 456358
6 18 456358
5 14 314521
5 4 312853
4 2 341490
4 12 312853
4 11 312853
4 1 290425
4 14 312853
4 5 312853
4 2 341490
3 11 292549
3 7 504000
3 19 290642
2 4 341490
2 4 341490
2 14 341490
2 13 341490
2 19 341490
1 12 290425
1 4 290425
1 18 290425
1 14 290425
1 11 290425
0 19 443051
0 8 443051
0 16 443051
