@nodes
label table_size
23 163
22 163
21 163
20 163
19 163
18 163
17 163
16 163
15 163
14 163
13 163
12 163
11 163
10 163
9 163
8 163
7 163
6 163
5 163
4 163
3 163
2 163
1 163
0 163
@arcs
       bandwidth
23 13 280825
23 22 264056
22 16 268953
22 14 287937
22 23 264056
22 13 280825
22 8 276879
22 19 258748
21 11 258764
21 7 278382
21 19 258748
20 17 276611
20 9 274215
19 16 268953
19 8 276879
19 7 278382
19 0 273338
19 22 258748
19 21 258748
19 16 268953
19 14 287937
19 11 258764
19 3 270167
19 2 305694
18 6 270297
18 15 263633
18 14 287937
18 1 259611
17 15 263633
17 15 263633
17 14 287937
17 20 276611
17 10 283916
16 19 268953
16 22 268953
16 0 273338
16 19 268953
15 17 263633
15 10 283916
15 6 270297
15 18 263633
15 9 274215
15 17 263633
15 10 283916
15 14 287937
14 22 287937
14 17 287937
14 18 287937
14 15 287937
14 10 283916
14 9 274215
14 5 319671
14 4 274782
14 2 305694
14 1 259611
14 19 287937
13 2 305694
13 23 280825
13 22 280825
12 1 259611
12 4 274782
12 11 258764
11 12 258764
11 3 270167
11 4 274782
11 21 258764
11 1 259611
11 19 258764
10 15 283916
10 15 283916
10 17 283916
10 14 283916
9 6 270297
9 15 274215
9 14 274215
9 20 274215
8 19 276879
8 0 273338
8 22 276879
7 19 278382
7 21 278382
7 3 270167
6 9 270297
6 15 270297
6 18 270297
5 14 319671
5 4 274782
4 2 305694
4 12 274782
4 11 274782
4 1 259611
4 14 274782
4 5 274782
4 2 305694
3 11 270167
3 7 270167
3 19 270167
2 4 305694
2 4 305694
2 14 305694
2 13 305694
2 19 305694
1 12 259611
1 4 259611
1 18 259611
1 14 259611
1 11 259611
0 19 273338
0 8 273338
0 16 273338
