@nodes
label table_size
23 163
22 163
21 163
20 163
19 163
18 163
17 163
16 163
15 163
14 163
13 163
12 163
11 163
10 163
9 163
8 163
7 163
6 163
5 163
4 163
3 163
2 163
1 163
0 163
@arcs
       bandwidth
23 13 266920
23 22 258779
22 16 261279
22 14 276063
22 23 258779
22 13 266920
22 8 265706
22 19 255948
21 11 255929
21 7 265044
21 19 255948
20 17 265375
20 9 265534
19 16 261279
19 8 265706
19 7 265044
19 0 264063
19 22 255948
19 21 255948
19 16 261279
19 14 276063
19 11 255929
19 3 262135
19 2 287380
18 6 262095
18 15 258342
18 14 276063
18 1 256391
17 15 258342
17 15 258342
17 14 276063
17 20 265375
17 10 269652
16 19 261279
16 22 261279
16 0 264063
16 19 261279
15 17 258342
15 10 269652
15 6 262095
15 18 258342
15 9 265534
15 17 258342
15 10 269652
15 14 276063
14 22 276063
14 17 276063
14 18 276063
14 15 276063
14 10 269652
14 9 265534
14 5 294743
14 4 266238
14 2 287380
14 1 256391
14 19 276063
13 2 287380
13 23 266920
13 22 266920
12 1 256391
12 4 266238
12 11 255929
11 12 255929
11 3 262135
11 4 266238
11 21 255929
11 1 256391
11 19 255929
10 15 269652
10 15 269652
10 17 269652
10 14 269652
9 6 262095
9 15 265534
9 14 265534
9 20 265534
8 19 265706
8 0 264063
8 22 265706
7 19 265044
7 21 265044
7 3 262135
6 9 262095
6 15 262095
6 18 262095
5 14 294743
5 4 266238
4 2 287380
4 12 266238
4 11 266238
4 1 256391
4 14 266238
4 5 266238
4 2 287380
3 11 262135
3 7 262135
3 19 262135
2 4 287380
2 4 287380
2 14 287380
2 13 287380
2 19 287380
1 12 256391
1 4 256391
1 18 256391
1 14 256391
1 11 256391
0 19 264063
0 8 264063
0 16 264063
