@nodes
label table_size
23 163
22 163
21 163
20 163
19 163
18 163
17 163
16 163
15 163
14 163
13 163
12 163
11 163
10 163
9 163
8 163
7 163
6 163
5 163
4 163
3 163
2 163
1 163
0 163
@arcs
       bandwidth
23 13 280154
23 22 264612
22 16 277309
22 14 281153
22 23 264612
22 13 280154
22 8 281787
22 19 259392
21 11 259175
21 7 281361
21 19 259392
20 17 275405
20 9 277948
19 16 277309
19 8 281787
19 7 281361
19 0 282136
19 22 259392
19 21 259392
19 16 277309
19 14 281153
19 11 259175
19 3 274631
19 2 305001
18 6 272244
18 15 263069
18 14 281153
18 1 260040
17 15 263069
17 15 263069
17 14 281153
17 20 275405
17 10 283573
16 19 277309
16 22 277309
16 0 282136
16 19 277309
15 17 263069
15 10 283573
15 6 272244
15 18 263069
15 9 277948
15 17 263069
15 10 283573
15 14 281153
14 22 281153
14 17 281153
14 18 281153
14 15 281153
14 10 283573
14 9 277948
14 5 320119
14 4 275115
14 2 305001
14 1 260040
14 19 281153
13 2 305001
13 23 280154
13 22 280154
12 1 260040
12 4 275115
12 11 259175
11 12 259175
11 3 274631
11 4 275115
11 21 259175
11 1 260040
11 19 259175
10 15 283573
10 15 283573
10 17 283573
10 14 283573
9 6 272244
9 15 277948
9 14 277948
9 20 277948
8 19 281787
8 0 282136
8 22 281787
7 19 281361
7 21 281361
7 3 274631
6 9 272244
6 15 272244
6 18 272244
5 14 320119
5 4 275115
4 2 305001
4 12 275115
4 11 275115
4 1 260040
4 14 275115
4 5 275115
4 2 305001
3 11 274631
3 7 274631
3 19 274631
2 4 305001
2 4 305001
2 14 305001
2 13 305001
2 19 305001
1 12 260040
1 4 260040
1 18 260040
1 14 260040
1 11 260040
0 19 282136
0 8 282136
0 16 282136
