@nodes
label table_size
23 163
22 163
21 163
20 163
19 163
18 163
17 163
16 163
15 163
14 163
13 163
12 163
11 163
10 163
9 163
8 163
7 163
6 163
5 163
4 163
3 163
2 163
1 163
0 163
@arcs
       bandwidth
23 13 504000
23 22 436197
22 16 436197
22 14 347304
22 23 436197
22 13 436197
22 8 436197
22 19 339582
21 11 360380
21 7 504000
21 19 339582
20 17 481475
20 9 504000
19 16 339582
19 8 339582
19 7 339582
19 0 339582
19 22 339582
19 21 339582
19 16 339582
19 14 347304
19 11 360380
19 3 339582
19 2 399226
18 6 355990
18 15 415649
18 14 347304
18 1 341882
17 15 415649
17 15 415649
17 14 347304
17 20 481475
17 10 481475
16 19 339582
16 22 436197
16 0 504000
16 19 339582
15 17 415649
15 10 415649
15 6 415649
15 18 415649
15 9 415649
15 17 415649
15 10 415649
15 14 347304
14 22 347304
14 17 347304
14 18 347304
14 15 347304
14 10 347304
14 9 347304
14 5 347304
14 4 369696
14 2 399226
14 1 341882
14 19 347304
13 2 399226
13 23 504000
13 22 436197
12 1 341882
12 4 369696
12 11 360380
11 12 360380
11 3 360380
11 4 369696
11 21 360380
11 1 341882
11 19 360380
10 15 415649
10 15 415649
10 17 481475
10 14 347304
9 6 504000
9 15 415649
9 14 347304
9 20 504000
8 19 339582
8 0 504000
8 22 436197
7 19 339582
7 21 504000
7 3 504000
6 9 504000
6 15 415649
6 18 355990
5 14 347304
5 4 369696
4 2 399226
4 12 369696
4 11 369696
4 1 341882
4 14 369696
4 5 369696
4 2 399226
3 11 360380
3 7 504000
3 19 339582
2 4 399226
2 4 399226
2 14 399226
2 13 399226
2 19 399226
1 12 341882
1 4 341882
1 18 341882
1 14 341882
1 11 341882
0 19 339582
0 8 504000
0 16 504000
