@nodes
label table_size
23 163
22 163
21 163
20 163
19 163
18 163
17 163
16 163
15 163
14 163
13 163
12 163
11 163
10 163
9 163
8 163
7 163
6 163
5 163
4 163
3 163
2 163
1 163
0 163
@arcs
       bandwidth
23 13 259524
23 22 255756
22 16 257916
22 14 266169
22 23 255756
22 13 259524
22 8 260510
22 19 254432
21 11 254374
21 7 258764
21 19 254432
20 17 259241
20 9 261441
19 16 257916
19 8 260510
19 7 258764
19 0 260686
19 22 254432
19 21 254432
19 16 257916
19 14 266169
19 11 254374
19 3 257990
19 2 276377
18 6 257623
18 15 255649
18 14 266169
18 1 254623
17 15 255649
17 15 255649
17 14 266169
17 20 259241
17 10 261082
16 19 257916
16 22 257916
16 0 260686
16 19 257916
15 17 255649
15 10 261082
15 6 257623
15 18 255649
15 9 261441
15 17 255649
15 10 261082
15 14 266169
14 22 266169
14 17 266169
14 18 266169
14 15 266169
14 10 261082
14 9 261441
14 5 280115
14 4 261102
14 2 276377
14 1 254623
14 19 266169
13 2 276377
13 23 259524
13 22 259524
12 1 254623
12 4 261102
12 11 254374
11 12 254374
11 3 257990
11 4 261102
11 21 254374
11 1 254623
11 19 254374
10 15 261082
10 15 261082
10 17 261082
10 14 261082
9 6 257623
9 15 261441
9 14 261441
9 20 261441
8 19 260510
8 0 260686
8 22 260510
7 19 258764
7 21 258764
7 3 257990
6 9 257623
6 15 257623
6 18 257623
5 14 280115
5 4 261102
4 2 276377
4 12 261102
4 11 261102
4 1 254623
4 14 261102
4 5 261102
4 2 276377
3 11 257990
3 7 257990
3 19 257990
2 4 276377
2 4 276377
2 14 276377
2 13 276377
2 19 276377
1 12 254623
1 4 254623
1 18 254623
1 14 254623
1 11 254623
0 19 260686
0 8 260686
0 16 260686
