@nodes
label table_size
10 12
9 12
8 12
7 12
6 12
5 12
4 12
3 12
2 12
1 12
0 12
@arcs
       bandwidth
10 8 18.2143
10 7 17.25
10 6 19.0909
10 2 19.0909
10 1 16.8367
10 9 17.9032
9 8 18.2143
9 7 17.25
9 6 19.0909
9 2 19.0909
9 1 16.8367
9 10 17.9032
9 0 21.9231
8 7 17.25
8 6 19.0909
8 5 18.913
8 1 16.8367
8 10 18.2143
8 9 18.2143
8 0 21.9231
7 8 17.25
7 6 19.0909
7 5 18.913
7 4 17.9032
7 0 21.9231
7 1 16.8367
7 10 17.25
7 9 17.25
6 8 19.0909
6 7 19.0909
6 4 17.9032
6 0 21.9231
6 10 19.0909
6 9 19.0909
5 8 18.913
5 7 18.913
5 4 17.9032
5 3 21.4286
5 2 19.0909
5 1 16.8367
4 7 17.9032
4 6 17.9032
4 5 17.9032
4 3 21.4286
4 2 19.0909
4 1 16.8367
3 5 21.4286
3 4 21.4286
3 2 19.0909
3 1 16.8367
2 5 19.0909
2 4 19.0909
2 3 19.0909
2 1 16.8367
2 10 19.0909
2 9 19.0909
1 8 16.8367
1 7 16.8367
1 5 16.8367
1 4 16.8367
1 3 16.8367
1 2 16.8367
1 10 16.8367
1 9 16.8367
0 7 21.9231
0 6 21.9231
0 9 21.9231
0 8 21.9231
