@nodes
label table_size
10 12
9 12
8 12
7 12
6 12
5 12
4 12
3 12
2 12
1 12
0 12
@arcs
       bandwidth
10 8 17.1429
10 7 16.7308
10 6 17.5714
10 2 17.25
10 1 16.1538
10 9 17.093
9 8 17.1429
9 7 16.7308
9 6 17.5714
9 2 17.25
9 1 16.1538
9 10 17.093
9 0 21
8 7 16.7308
8 6 17.5714
8 5 16.9149
8 1 16.1538
8 10 17.1429
8 9 17.1429
8 0 21
7 8 16.7308
7 6 17.5714
7 5 16.9149
7 4 16.8367
7 0 21
7 1 16.1538
7 10 16.7308
7 9 16.7308
6 8 17.5714
6 7 17.5714
6 4 16.8367
6 0 21
6 10 17.5714
6 9 17.5714
5 8 16.9149
5 7 16.9149
5 4 16.8367
5 3 18.913
5 2 17.25
5 1 16.1538
4 7 16.8367
4 6 16.8367
4 5 16.8367
4 3 18.913
4 2 17.25
4 1 16.1538
3 5 18.913
3 4 18.913
3 2 17.25
3 1 16.1538
2 5 17.25
2 4 17.25
2 3 17.25
2 1 16.1538
2 10 17.25
2 9 17.25
1 8 16.1538
1 7 16.1538
1 5 16.1538
1 4 16.1538
1 3 16.1538
1 2 16.1538
1 10 16.1538
1 9 16.1538
0 7 21
0 6 21
0 9 21
0 8 21
