@nodes
label table_size
10 12
9 12
8 12
7 12
6 12
5 12
4 12
3 12
2 12
1 12
0 12
@arcs
       bandwidth
10 8 18.3333
10 7 17.4324
10 6 19.5
10 2 19.7368
10 1 17.0455
10 9 18.3333
9 8 18.3333
9 7 17.4324
9 6 19.5
9 2 19.7368
9 1 17.0455
9 10 18.3333
9 0 22.5
8 7 17.4324
8 6 19.5
8 5 19.5
8 1 17.0455
8 10 18.3333
8 9 18.3333
8 0 22.5
7 8 17.4324
7 6 19.5
7 5 19.5
7 4 18.3333
7 0 22.5
7 1 17.0455
7 10 17.4324
7 9 17.4324
6 8 19.5
6 7 19.5
6 4 18.3333
6 0 22.5
6 10 19.5
6 9 19.5
5 8 19.5
5 7 19.5
5 4 18.3333
5 3 24
5 2 19.7368
5 1 17.0455
4 7 18.3333
4 6 18.3333
4 5 18.3333
4 3 24
4 2 19.7368
4 1 17.0455
3 5 24
3 4 24
3 2 19.7368
3 1 17.0455
2 5 19.7368
2 4 19.7368
2 3 19.7368
2 1 17.0455
2 10 19.7368
2 9 19.7368
1 8 17.0455
1 7 17.0455
1 5 17.0455
1 4 17.0455
1 3 17.0455
1 2 17.0455
1 10 17.0455
1 9 17.0455
0 7 22.5
0 6 22.5
0 9 22.5
0 8 22.5
