@nodes
label table_size
10 12
9 12
8 12
7 12
6 12
5 12
4 12
3 12
2 12
1 12
0 12
@arcs
       bandwidth
10 8 17.3077
10 7 16.8
10 6 17.9032
10 2 17.093
10 1 16.1688
10 9 17
9 8 17.3077
9 7 16.8
9 6 17.9032
9 2 17.093
9 1 16.1688
9 10 17
9 0 20.625
8 7 16.8
8 6 17.9032
8 5 17.25
8 1 16.1688
8 10 17.3077
8 9 17.3077
8 0 20.625
7 8 16.8
7 6 17.9032
7 5 17.25
7 4 16.8
7 0 20.625
7 1 16.1688
7 10 16.8
7 9 16.8
6 8 17.9032
6 7 17.9032
6 4 16.8
6 0 20.625
6 10 17.9032
6 9 17.9032
5 8 17.25
5 7 17.25
5 4 16.8
5 3 18.6
5 2 17.093
5 1 16.1688
4 7 16.8
4 6 16.8
4 5 16.8
4 3 18.6
4 2 17.093
4 1 16.1688
3 5 18.6
3 4 18.6
3 2 17.093
3 1 16.1688
2 5 17.093
2 4 17.093
2 3 17.093
2 1 16.1688
2 10 17.093
2 9 17.093
1 8 16.1688
1 7 16.1688
1 5 16.1688
1 4 16.1688
1 3 16.1688
1 2 16.1688
1 10 16.1688
1 9 16.1688
0 7 20.625
0 6 20.625
0 9 20.625
0 8 20.625
