@nodes
label table_size
10 12
9 12
8 12
7 12
6 12
5 12
4 12
3 12
2 12
1 12
0 12
@arcs
       bandwidth
10 8 18.913
10 7 18
10 6 20.625
10 2 21
10 1 17.5
10 9 19.5
9 8 18.913
9 7 18
9 6 20.625
9 2 21
9 1 17.5
9 10 19.5
9 0 22.5
8 7 18
8 6 20.625
8 5 20.625
8 1 17.5
8 10 18.913
8 9 18.913
8 0 22.5
7 8 18
7 6 20.625
7 5 20.625
7 4 18.913
7 0 22.5
7 1 17.5
7 10 18
7 9 18
6 8 20.625
6 7 20.625
6 4 18.913
6 0 22.5
6 10 20.625
6 9 20.625
5 8 20.625
5 7 20.625
5 4 18.913
5 3 25
5 2 21
5 1 17.5
4 7 18.913
4 6 18.913
4 5 18.913
4 3 25
4 2 21
4 1 17.5
3 5 25
3 4 25
3 2 21
3 1 17.5
2 5 21
2 4 21
2 3 21
2 1 17.5
2 10 21
2 9 21
1 8 17.5
1 7 17.5
1 5 17.5
1 4 17.5
1 3 17.5
1 2 17.5
1 10 17.5
1 9 17.5
0 7 22.5
0 6 22.5
0 9 22.5
0 8 22.5
