@nodes
label table_size
10 12
9 12
8 12
7 12
6 12
5 12
4 12
3 12
2 12
1 12
0 12
@arcs
       bandwidth
10 8 18.6
10 7 17.9032
10 6 19.2857
10 2 22.5
10 1 17.093
10 9 18.913
9 8 18.6
9 7 17.9032
9 6 19.2857
9 2 22.5
9 1 17.093
9 10 18.913
9 0 21.9231
8 7 17.9032
8 6 19.2857
8 5 19.7368
8 1 17.093
8 10 18.6
8 9 18.6
8 0 21.9231
7 8 17.9032
7 6 19.2857
7 5 19.7368
7 4 18.2143
7 0 21.9231
7 1 17.093
7 10 17.9032
7 9 17.9032
6 8 19.2857
6 7 19.2857
6 4 18.2143
6 0 21.9231
6 10 19.2857
6 9 19.2857
5 8 19.7368
5 7 19.7368
5 4 18.2143
5 3 23.1818
5 2 22.5
5 1 17.093
4 7 18.2143
4 6 18.2143
4 5 18.2143
4 3 23.1818
4 2 22.5
4 1 17.093
3 5 23.1818
3 4 23.1818
3 2 22.5
3 1 17.093
2 5 22.5
2 4 22.5
2 3 22.5
2 1 17.093
2 10 22.5
2 9 22.5
1 8 17.093
1 7 17.093
1 5 17.093
1 4 17.093
1 3 17.093
1 2 17.093
1 10 17.093
1 9 17.093
0 7 21.9231
0 6 21.9231
0 9 21.9231
0 8 21.9231
