@nodes
label table_size
10 12
9 12
8 12
7 12
6 12
5 12
4 12
3 12
2 12
1 12
0 12
@arcs
       bandwidth
10 8 17.6471
10 7 16.9149
10 6 17.8125
10 2 17.3684
10 1 16.3636
10 9 17.3077
9 8 17.6471
9 7 16.9149
9 6 17.8125
9 2 17.3684
9 1 16.3636
9 10 17.3077
9 0 20.625
8 7 16.9149
8 6 17.8125
8 5 17.3077
8 1 16.3636
8 10 17.6471
8 9 17.6471
8 0 20.625
7 8 16.9149
7 6 17.8125
7 5 17.3077
7 4 17.093
7 0 20.625
7 1 16.3636
7 10 16.9149
7 9 16.9149
6 8 17.8125
6 7 17.8125
6 4 17.093
6 0 20.625
6 10 17.8125
6 9 17.8125
5 8 17.3077
5 7 17.3077
5 4 17.093
5 3 18.3333
5 2 17.3684
5 1 16.3636
4 7 17.093
4 6 17.093
4 5 17.093
4 3 18.3333
4 2 17.3684
4 1 16.3636
3 5 18.3333
3 4 18.3333
3 2 17.3684
3 1 16.3636
2 5 17.3684
2 4 17.3684
2 3 17.3684
2 1 16.3636
2 10 17.3684
2 9 17.3684
1 8 16.3636
1 7 16.3636
1 5 16.3636
1 4 16.3636
1 3 16.3636
1 2 16.3636
1 10 16.3636
1 9 16.3636
0 7 20.625
0 6 20.625
0 9 20.625
0 8 20.625
