@nodes
label table_size
10 12
9 12
8 12
7 12
6 12
5 12
4 12
3 12
2 12
1 12
0 12
@arcs
       bandwidth
10 8 18.913
10 7 18.913
10 6 20.2941
10 2 23.1818
10 1 17.9032
10 9 20.2941
9 8 18.913
9 7 18.913
9 6 20.2941
9 2 23.1818
9 1 17.9032
9 10 20.2941
9 0 24
8 7 18.913
8 6 20.2941
8 5 21.9231
8 1 17.9032
8 10 18.913
8 9 18.913
8 0 24
7 8 18.913
7 6 20.2941
7 5 21.9231
7 4 19.7368
7 0 24
7 1 17.9032
7 10 18.913
7 9 18.913
6 8 20.2941
6 7 20.2941
6 4 19.7368
6 0 24
6 10 20.2941
6 9 20.2941
5 8 21.9231
5 7 21.9231
5 4 19.7368
5 3 21.9231
5 2 23.1818
5 1 17.9032
4 7 19.7368
4 6 19.7368
4 5 19.7368
4 3 19.7368
4 2 23.1818
4 1 17.9032
3 5 21.9231
3 4 19.7368
3 2 23.1818
3 1 17.9032
2 5 23.1818
2 4 23.1818
2 3 23.1818
2 1 17.9032
2 10 23.1818
2 9 23.1818
1 8 17.9032
1 7 17.9032
1 5 17.9032
1 4 17.9032
1 3 17.9032
1 2 17.9032
1 10 17.9032
1 9 17.9032
0 7 24
0 6 24
0 9 24
0 8 24
