@nodes
label table_size
10 12
9 12
8 12
7 12
6 12
5 12
4 12
3 12
2 12
1 12
0 12
@arcs
       bandwidth
10 8 16.6364
10 7 16.2329
10 6 16.875
10 2 16.6071
10 1 15.8411
10 9 16.4062
9 8 16.6364
9 7 16.2329
9 6 16.875
9 2 16.6071
9 1 15.8411
9 10 16.4062
9 0 19.2857
8 7 16.2329
8 6 16.875
8 5 16.4754
8 1 15.8411
8 10 16.6364
8 9 16.6364
8 0 19.2857
7 8 16.2329
7 6 16.875
7 5 16.4754
7 4 16.3043
7 0 19.2857
7 1 15.8411
7 10 16.2329
7 9 16.2329
6 8 16.875
6 7 16.875
6 4 16.3043
6 0 19.2857
6 10 16.875
6 9 16.875
5 8 16.4754
5 7 16.4754
5 4 16.3043
5 3 17.5
5 2 16.6071
5 1 15.8411
4 7 16.3043
4 6 16.3043
4 5 16.3043
4 3 17.5
4 2 16.6071
4 1 15.8411
3 5 17.5
3 4 17.5
3 2 16.6071
3 1 15.8411
2 5 16.6071
2 4 16.6071
2 3 16.6071
2 1 15.8411
2 10 16.6071
2 9 16.6071
1 8 15.8411
1 7 15.8411
1 5 15.8411
1 4 15.8411
1 3 15.8411
1 2 15.8411
1 10 15.8411
1 9 15.8411
0 7 19.2857
0 6 19.2857
0 9 19.2857
0 8 19.2857
