@nodes
label table_size
10 12
9 12
8 12
7 12
6 12
5 12
4 12
3 12
2 12
1 12
0 12
@arcs
       bandwidth
10 8 17.5
10 7 17.0455
10 6 18.4615
10 2 18.2143
10 1 16.5254
10 9 17.4324
9 8 17.5
9 7 17.0455
9 6 18.4615
9 2 18.2143
9 1 16.5254
9 10 17.4324
9 0 21.9231
8 7 17.0455
8 6 18.4615
8 5 17.7273
8 1 16.5254
8 10 17.5
8 9 17.5
8 0 21.9231
7 8 17.0455
7 6 18.4615
7 5 17.7273
7 4 17.5714
7 0 21.9231
7 1 16.5254
7 10 17.0455
7 9 17.0455
6 8 18.4615
6 7 18.4615
6 4 17.5714
6 0 21.9231
6 10 18.4615
6 9 18.4615
5 8 17.7273
5 7 17.7273
5 4 17.5714
5 3 20.625
5 2 18.2143
5 1 16.5254
4 7 17.5714
4 6 17.5714
4 5 17.5714
4 3 20.625
4 2 18.2143
4 1 16.5254
3 5 20.625
3 4 20.625
3 2 18.2143
3 1 16.5254
2 5 18.2143
2 4 18.2143
2 3 18.2143
2 1 16.5254
2 10 18.2143
2 9 18.2143
1 8 16.5254
1 7 16.5254
1 5 16.5254
1 4 16.5254
1 3 16.5254
1 2 16.5254
1 10 16.5254
1 9 16.5254
0 7 21.9231
0 6 21.9231
0 9 21.9231
0 8 21.9231
