@nodes
label table_size
10 12
9 12
8 12
7 12
6 12
5 12
4 12
3 12
2 12
1 12
0 12
@arcs
       bandwidth
10 8 18.75
10 7 18
10 6 19.7368
10 2 20.625
10 1 17.3684
10 9 19.5
9 8 18.75
9 7 18
9 6 19.7368
9 2 20.625
9 1 17.3684
9 10 19.5
9 0 24
8 7 18
8 6 19.7368
8 5 20.625
8 1 17.3684
8 10 18.75
8 9 18.75
8 0 24
7 8 18
7 6 19.7368
7 5 20.625
7 4 18.4615
7 0 24
7 1 17.3684
7 10 18
7 9 18
6 8 19.7368
6 7 19.7368
6 4 18.4615
6 0 24
6 10 19.7368
6 9 19.7368
5 8 20.625
5 7 20.625
5 4 18.4615
5 3 25
5 2 20.625
5 1 17.3684
4 7 18.4615
4 6 18.4615
4 5 18.4615
4 3 25
4 2 20.625
4 1 17.3684
3 5 25
3 4 25
3 2 20.625
3 1 17.3684
2 5 20.625
2 4 20.625
2 3 20.625
2 1 17.3684
2 10 20.625
2 9 20.625
1 8 17.3684
1 7 17.3684
1 5 17.3684
1 4 17.3684
1 3 17.3684
1 2 17.3684
1 10 17.3684
1 9 17.3684
0 7 24
0 6 24
0 9 24
0 8 24
