@nodes
label table_size
10 12
9 12
8 12
7 12
6 12
5 12
4 12
3 12
2 12
1 12
0 12
@arcs
       bandwidth
10 8 19.0909
10 7 17.9032
10 6 20
10 2 19.5
10 1 17.25
10 9 19.0909
9 8 19.0909
9 7 17.9032
9 6 20
9 2 19.5
9 1 17.25
9 10 19.0909
9 0 25
8 7 17.9032
8 6 20
8 5 18.75
8 1 17.25
8 10 19.0909
8 9 19.0909
8 0 25
7 8 17.9032
7 6 20
7 5 18.75
7 4 18.75
7 0 25
7 1 17.25
7 10 17.9032
7 9 17.9032
6 8 20
6 7 20
6 4 18.75
6 0 25
6 10 20
6 9 20
5 8 18.75
5 7 18.75
5 4 18.75
5 3 21.9231
5 2 19.5
5 1 17.25
4 7 18.75
4 6 18.75
4 5 18.75
4 3 21.9231
4 2 19.5
4 1 17.25
3 5 21.9231
3 4 21.9231
3 2 19.5
3 1 17.25
2 5 19.5
2 4 19.5
2 3 19.5
2 1 17.25
2 10 19.5
2 9 19.5
1 8 17.25
1 7 17.25
1 5 17.25
1 4 17.25
1 3 17.25
1 2 17.25
1 10 17.25
1 9 17.25
0 7 25
0 6 25
0 9 25
0 8 25
