@nodes
label table_size
10 12
9 12
8 12
7 12
6 12
5 12
4 12
3 12
2 12
1 12
0 12
@arcs
       bandwidth
10 8 19.7368
10 7 19.0909
10 6 20.2941
10 2 21.9231
10 1 19.5
10 9 21
9 8 19.7368
9 7 19.0909
9 6 20.2941
9 2 21.9231
9 1 19.5
9 10 21
9 0 27.8571
8 7 19.0909
8 6 20.2941
8 5 21.4286
8 1 19.5
8 10 19.7368
8 9 19.7368
8 0 27.8571
7 8 19.0909
7 6 20.2941
7 5 21.4286
7 4 20.625
7 0 27.8571
7 1 19.5
7 10 19.0909
7 9 19.0909
6 8 20.2941
6 7 20.2941
6 4 20.625
6 0 27.8571
6 10 20.2941
6 9 20.2941
5 8 21.4286
5 7 21.4286
5 4 20.625
5 3 21.4286
5 2 21.9231
5 1 19.5
4 7 20.625
4 6 20.625
4 5 20.625
4 3 20.625
4 2 21.9231
4 1 19.5
3 5 21.4286
3 4 20.625
3 2 21.9231
3 1 19.5
2 5 21.9231
2 4 21.9231
2 3 21.9231
2 1 19.5
2 10 21.9231
2 9 21.9231
1 8 19.5
1 7 19.5
1 5 19.5
1 4 19.5
1 3 19.5
1 2 19.5
1 10 19.5
1 9 19.5
0 7 27.8571
0 6 27.8571
0 9 27.8571
0 8 27.8571
