@nodes
label table_size
10 12
9 12
8 12
7 12
6 12
5 12
4 12
3 12
2 12
1 12
0 12
@arcs
       bandwidth
10 8 17.3684
10 7 17.1429
10 6 18.2143
10 2 18.6
10 1 16.6071
10 9 17.4324
9 8 17.3684
9 7 17.1429
9 6 18.2143
9 2 18.6
9 1 16.6071
9 10 17.4324
9 0 21.9231
8 7 17.1429
8 6 18.2143
8 5 18
8 1 16.6071
8 10 17.3684
8 9 17.3684
8 0 21.9231
7 8 17.1429
7 6 18.2143
7 5 18
7 4 17.5
7 0 21.9231
7 1 16.6071
7 10 17.1429
7 9 17.1429
6 8 18.2143
6 7 18.2143
6 4 17.5
6 0 21.9231
6 10 18.2143
6 9 18.2143
5 8 18
5 7 18
5 4 17.5
5 3 21.4286
5 2 18.6
5 1 16.6071
4 7 17.5
4 6 17.5
4 5 17.5
4 3 21.4286
4 2 18.6
4 1 16.6071
3 5 21.4286
3 4 21.4286
3 2 18.6
3 1 16.6071
2 5 18.6
2 4 18.6
2 3 18.6
2 1 16.6071
2 10 18.6
2 9 18.6
1 8 16.6071
1 7 16.6071
1 5 16.6071
1 4 16.6071
1 3 16.6071
1 2 16.6071
1 10 16.6071
1 9 16.6071
0 7 21.9231
0 6 21.9231
0 9 21.9231
0 8 21.9231
