@nodes
label table_size
10 12
9 12
8 12
7 12
6 12
5 12
4 12
3 12
2 12
1 12
0 12
@arcs
       bandwidth
10 8 17.5
10 7 17.1951
10 6 18.1034
10 2 18.4615
10 1 16.7308
10 9 17.6471
9 8 17.5
9 7 17.1951
9 6 18.1034
9 2 18.4615
9 1 16.7308
9 10 17.6471
9 0 21
8 7 17.1951
8 6 18.1034
8 5 17.9032
8 1 16.7308
8 10 17.5
8 9 17.5
8 0 21
7 8 17.1951
7 6 18.1034
7 5 17.9032
7 4 17.6471
7 0 21
7 1 16.7308
7 10 17.1951
7 9 17.1951
6 8 18.1034
6 7 18.1034
6 4 17.6471
6 0 21
6 10 18.1034
6 9 18.1034
5 8 17.9032
5 7 17.9032
5 4 17.6471
5 3 19.2857
5 2 18.4615
5 1 16.7308
4 7 17.6471
4 6 17.6471
4 5 17.6471
4 3 19.2857
4 2 18.4615
4 1 16.7308
3 5 19.2857
3 4 19.2857
3 2 18.4615
3 1 16.7308
2 5 18.4615
2 4 18.4615
2 3 18.4615
2 1 16.7308
2 10 18.4615
2 9 18.4615
1 8 16.7308
1 7 16.7308
1 5 16.7308
1 4 16.7308
1 3 16.7308
1 2 16.7308
1 10 16.7308
1 9 16.7308
0 7 21
0 6 21
0 9 21
0 8 21
