@pair(source-destination-demand)
16,6,642.0
2,21,311.0
28,14,3524.0
10,28,318.0
37,0,326.0
0,2,973.0
38,24,445.0
18,11,2023.0
19,13,437.0
32,6,179.0
1,18,10114.0
26,30,875.0
8,17,207.0
19,38,275.0
15,9,1024.0
13,15,1193.0
4,36,195.0
16,9,333.0
7,6,7026.0
6,28,700.0
9,7,864.0
5,28,64.0
19,15,540.0
5,23,148.0
9,26,1076.0
6,31,855.0
28,35,147.0
9,34,492.0
8,23,421.0
11,29,268.0
22,24,1351.0
0,7,321.0
37,19,360.0
4,17,109.0
20,25,1783.0
1,8,868.0
6,24,1470.0
15,23,1423.0
29,34,237.0
5,35,63.0
1,29,1155.0
22,14,2667.0
33,23,147.0
11,38,482.0
9,13,589.0
38,11,482.0
10,38,242.0
23,17,1267.0
9,38,369.0
31,20,181.0
2,1,19465.0
24,34,483.0
3,11,334.0
8,12,976.0
5,27,119.0
13,6,705.0
0,9,268.0
30,13,290.0
7,25,1839.0
5,4,54.0
3,2,1418.0
28,9,566.0
28,20,502.0
28,2,509.0
1,26,2827.0
7,11,801.0
6,0,384.0
21,18,1376.0
12,1,5753.0
28,33,80.0
27,12,5335.0
8,32,44.0
27,22,3241.0
18,37,2289.0
18,29,4077.0
36,22,286.0
38,1,30034.0
6,34,721.0
7,9,864.0
8,19,169.0
29,30,355.0
27,21,312.0
27,28,2775.0
16,29,636.0
27,14,7075.0
8,21,142.0
37,36,572.0
35,32,64.0
22,15,833.0
20,34,147.0
30,18,2985.0
17,10,415.0
21,26,401.0
16,33,46.0
35,26,334.0
0,3,170.0
23,35,284.0
24,0,263.0
20,28,502.0
31,6,855.0
16,12,1677.0
25,20,1783.0
23,27,1601.0
15,8,473.0
10,11,470.0
36,0,281.0
23,4,178.0
25,29,2105.0
34,38,560.0
34,25,796.0
2,34,2046.0
15,38,311.0
36,16,86.0
12,28,2889.0
30,25,1295.0
13,20,316.0
13,2,418.0
9,28,566.0
4,0,136.0
37,22,569.0
30,35,137.0
38,6,776.0
27,3,232.0
1,27,2400.0
7,36,365.0
7,2,1337.0
14,36,331.0
24,37,593.0
13,23,1042.0
19,3,153.0
16,19,274.0
26,3,270.0
31,18,1534.0
14,3,289.0
11,16,187.0
20,4,50.0
33,8,45.0
36,2,11724.0
20,18,3005.0
27,10,575.0
31,36,84.0
10,8,524.0
14,31,569.0
35,11,288.0
37,8,233.0
26,4,193.0
14,4,216.0
5,13,57.0
30,4,83.0
3,4,221.0
27,37,548.0
20,37,173.0
23,25,3553.0
20,16,313.0
24,2,1005.0
8,6,1432.0
33,2,377.0
24,33,136.0
11,19,323.0
30,9,354.0
15,19,540.0
33,13,65.0
11,5,169.0
25,27,5451.0
12,13,5321.0
35,7,344.0
8,35,88.0
27,5,119.0
11,6,1141.0
22,8,266.0
36,3,407.0
6,33,204.0
6,12,3569.0
36,11,301.0
33,15,108.0
13,9,589.0
22,12,3402.0
8,14,409.0
4,34,280.0
4,9,182.0
26,28,3047.0
26,0,329.0
12,10,2391.0
28,1,1254.0
4,28,88.0
28,17,3729.0
5,18,498.0
1,25,3813.0
36,34,603.0
12,8,976.0
36,9,247.0
5,17,78.0
22,35,306.0
23,9,909.0
34,11,497.0
1,0,1770.0
2,9,888.0
35,22,306.0
35,28,147.0
8,28,165.0
16,34,156.0
22,3,241.0
24,9,668.0
8,34,155.0
33,9,166.0
3,16,78.0
1,37,8690.0
0,24,263.0
33,20,43.0
17,26,2521.0
8,22,266.0
13,27,987.0
11,36,301.0
33,36,109.0
11,14,677.0
3,8,89.0
19,29,534.0
7,27,1053.0
37,32,101.0
14,19,1927.0
16,18,2075.0
17,24,776.0
5,25,193.0
12,20,1200.0
23,6,1934.0
35,16,88.0
35,37,392.0
19,20,327.0
19,27,2783.0
4,8,67.0
14,30,754.0
24,22,1351.0
15,30,433.0
36,27,270.0
24,23,2210.0
8,5,62.0
16,30,294.0
4,10,113.0
34,10,272.0
38,28,216.0
13,7,578.0
8,2,328.0
37,26,643.0
5,11,169.0
9,21,224.0
8,18,1130.0
19,36,182.0
21,2,311.0
34,26,598.0
16,20,313.0
28,34,264.0
14,10,851.0
19,12,2353.0
6,3,442.0
8,1,868.0
18,23,7231.0
7,28,609.0
2,36,11724.0
27,30,601.0
17,37,353.0
22,7,1063.0
7,23,1830.0
27,26,4415.0
0,16,85.0
17,27,4012.0
35,29,132.0
32,28,86.0
7,1,3637.0
12,27,5335.0
0,8,83.0
30,20,368.0
0,36,281.0
37,31,198.0
17,30,420.0
38,30,225.0
0,15,192.0
13,35,120.0
11,21,173.0
6,13,705.0
6,21,849.0
11,12,1473.0
38,19,275.0
24,4,162.0
25,10,858.0
38,37,1846.0
3,17,148.0
9,8,310.0
35,0,863.0
10,27,575.0
0,22,304.0
22,29,842.0
2,33,377.0
14,0,349.0
22,6,1195.0
30,17,420.0
36,33,109.0
37,11,802.0
9,31,302.0
12,23,3944.0
21,20,154.0
0,38,281.0
17,23,1267.0
2,22,1046.0
0,33,241.0
26,11,572.0
15,0,192.0
32,4,39.0
4,33,71.0
24,35,274.0
32,18,649.0
38,29,200.0
25,1,3813.0
36,38,643.0
5,3,97.0
37,9,514.0
2,38,2509.0
13,28,686.0
7,21,1109.0
22,36,286.0
13,34,214.0
30,21,369.0
27,20,599.0
1,13,1045.0
26,9,1076.0
6,36,438.0
13,22,670.0
24,11,474.0
6,20,464.0
32,35,64.0
2,17,618.0
14,11,677.0
19,37,360.0
3,23,252.0
9,11,636.0
29,9,578.0
30,3,122.0
23,32,141.0
19,7,650.0
24,17,776.0
11,2,1056.0
30,22,676.0
17,11,339.0
27,7,1053.0
3,22,241.0
25,37,875.0
23,18,7231.0
4,1,1546.0
28,38,216.0
3,12,573.0
22,38,436.0
25,33,238.0
5,7,281.0
31,0,80.0
31,12,1279.0
23,21,780.0
21,5,52.0
20,12,1200.0
13,18,3117.0
16,0,85.0
4,18,691.0
33,37,156.0
11,37,802.0
19,6,745.0
1,4,1546.0
37,2,2085.0
13,10,398.0
10,37,357.0
4,19,111.0
32,34,119.0
9,37,514.0
24,19,752.0
30,32,60.0
8,16,157.0
26,2,1152.0
2,23,1027.0
5,20,39.0
16,7,553.0
20,27,599.0
6,14,1658.0
16,22,448.0
36,23,281.0
14,7,1392.0
7,33,168.0
35,34,3297.0
34,21,145.0
2,35,1417.0
12,38,992.0
0,23,274.0
16,15,748.0
27,4,171.0
4,25,262.0
16,36,86.0
11,0,256.0
25,0,437.0
11,28,270.0
27,33,162.0
20,7,426.0
16,2,315.0
20,3,71.0
4,2,643.0
1,28,1254.0
34,29,237.0
14,27,7075.0
9,1,2160.0
29,19,534.0
21,14,415.0
35,14,354.0
10,15,1216.0
14,38,509.0
11,35,288.0
11,1,2784.0
5,31,49.0
34,35,3297.0
37,12,1372.0
27,35,291.0
9,35,272.0
12,9,4743.0
10,22,490.0
6,7,7026.0
32,29,79.0
5,21,52.0
1,15,1789.0
21,3,79.0
10,34,272.0
33,18,646.0
25,11,784.0
27,36,270.0
1,32,447.0
9,10,809.0
19,23,899.0
11,4,353.0
15,22,833.0
25,8,466.0
31,14,569.0
13,38,181.0
21,35,82.0
31,38,138.0
6,10,1197.0
21,32,36.0
26,13,953.0
13,0,117.0
9,4,182.0
35,10,153.0
7,18,4484.0
27,19,2783.0
5,22,122.0
6,9,1128.0
10,21,190.0
31,24,410.0
38,25,658.0
9,17,777.0
18,9,3773.0
36,28,139.0
0,4,136.0
34,37,642.0
29,26,1281.0
18,28,8625.0
34,16,156.0
17,35,180.0
0,18,1189.0
27,1,2400.0
30,6,823.0
32,30,60.0
22,25,5837.0
1,10,1390.0
37,35,392.0
8,3,89.0
8,36,90.0
37,27,548.0
7,32,142.0
29,31,326.0
10,35,153.0
2,27,985.0
33,22,165.0
6,1,4348.0
8,20,103.0
16,24,480.0
14,26,3856.0
17,13,1012.0
3,6,442.0
24,38,445.0
1,11,2784.0
33,28,80.0
3,13,103.0
34,28,264.0
21,9,224.0
34,17,324.0
23,3,252.0
14,33,197.0
34,19,357.0
34,22,550.0
10,24,457.0
25,34,796.0
17,25,3893.0
30,23,1522.0
36,12,642.0
3,35,219.0
8,33,45.0
13,16,542.0
27,38,412.0
20,38,128.0
9,14,1705.0
15,33,108.0
32,38,75.0
36,8,90.0
1,24,2554.0
15,24,761.0
10,1,1390.0
17,34,324.0
4,27,171.0
29,21,203.0
4,12,439.0
8,26,327.0
12,29,4008.0
31,26,455.0
14,20,799.0
3,30,122.0
31,23,929.0
37,28,290.0
26,36,315.0
30,14,754.0
34,32,119.0
18,15,3677.0
22,23,1547.0
4,30,83.0
3,31,78.0
3,18,965.0
9,25,1475.0
3,14,289.0
37,20,173.0
31,15,737.0
36,13,115.0
31,11,195.0
3,21,79.0
6,18,5035.0
13,14,2069.0
35,4,171.0
37,16,194.0
27,25,5451.0
6,29,753.0
18,19,11852.0
23,30,1522.0
14,37,689.0
19,8,169.0
36,19,182.0
0,13,117.0
31,22,346.0
15,21,315.0
10,19,320.0
36,35,428.0
34,12,1222.0
9,18,3773.0
32,31,43.0
23,20,1623.0
32,1,447.0
36,7,365.0
19,2,665.0
2,30,504.0
34,20,147.0
9,36,247.0
37,30,303.0
10,36,150.0
20,33,43.0
8,38,153.0
4,20,50.0
27,13,987.0
34,31,148.0
31,32,43.0
32,24,117.0
8,27,290.0
35,33,187.0
35,1,2265.0
35,25,445.0
35,38,351.0
16,26,632.0
24,1,2554.0
37,21,204.0
29,2,462.0
36,20,80.0
12,16,1677.0
3,5,97.0
18,26,104079.0
29,28,1056.0
7,3,358.0
19,0,197.0
3,1,6106.0
7,4,239.0
11,26,572.0
30,15,433.0
13,3,103.0
30,12,1307.0
0,14,349.0
13,5,57.0
13,36,115.0
27,18,15155.0
35,23,284.0
26,23,2210.0
18,24,5851.0
0,21,78.0
10,33,83.0
30,8,160.0
22,27,3241.0
8,7,692.0
4,38,251.0
11,33,147.0
10,4,113.0
11,17,339.0
7,10,784.0
24,10,457.0
30,10,252.0
23,13,1042.0
6,8,1432.0
14,15,1724.0
14,16,819.0
32,21,36.0
3,10,144.0
2,26,1152.0
7,37,971.0
31,35,84.0
0,29,129.0
16,27,526.0
33,27,162.0
25,26,21613.0
18,31,1534.0
13,33,65.0
10,7,784.0
24,28,702.0
6,17,856.0
19,21,190.0
2,18,4137.0
27,9,1176.0
7,5,281.0
21,10,190.0
23,8,421.0
18,21,1376.0
19,33,109.0
16,37,194.0
18,13,3117.0
6,4,307.0
7,15,1106.0
4,22,172.0
29,15,960.0
10,0,146.0
32,36,53.0
0,5,55.0
32,15,121.0
0,1,1770.0
23,31,929.0
10,20,180.0
38,36,643.0
16,5,46.0
1,12,5753.0
8,11,276.0
19,31,214.0
22,1,2542.0
5,34,107.0
5,9,111.0
3,26,270.0
34,27,524.0
38,2,2509.0
28,25,5580.0
6,35,414.0
0,37,326.0
24,12,2385.0
19,30,381.0
30,29,355.0
1,34,3556.0
25,22,5837.0
0,10,146.0
34,6,721.0
12,30,1307.0
25,6,2059.0
3,29,113.0
30,38,225.0
21,22,317.0
2,37,2085.0
11,20,154.0
38,33,126.0
25,15,1610.0
22,19,4212.0
7,0,321.0
34,7,600.0
21,28,190.0
25,36,423.0
31,13,312.0
36,25,423.0
28,31,243.0
28,4,88.0
15,16,748.0
8,0,83.0
38,22,436.0
37,6,1206.0
19,10,320.0
5,12,309.0
6,30,823.0
21,33,41.0
21,34,145.0
28,3,121.0
18,2,4137.0
28,13,686.0
24,25,2441.0
5,8,62.0
2,3,1418.0
28,6,700.0
22,21,317.0
33,19,109.0
6,22,1195.0
37,18,2289.0
6,37,1206.0
16,31,472.0
12,6,3569.0
25,38,658.0
7,24,1510.0
27,29,1244.0
5,10,86.0
7,19,650.0
29,24,624.0
25,21,587.0
16,11,187.0
18,35,1202.0
17,32,112.0
35,5,63.0
6,23,1934.0
7,14,1392.0
17,9,777.0
32,13,74.0
22,34,550.0
3,20,71.0
30,1,1287.0
33,38,126.0
26,29,1281.0
21,30,369.0
14,1,2960.0
34,3,346.0
7,13,578.0
20,23,1623.0
20,29,463.0
31,21,238.0
8,10,524.0
20,1,737.0
10,30,252.0
4,5,54.0
22,30,676.0
37,25,875.0
10,3,144.0
14,18,12620.0
23,22,1547.0
22,32,164.0
32,37,101.0
14,2,1205.0
32,25,241.0
16,13,542.0
29,13,2355.0
3,9,220.0
26,24,1693.0
9,33,166.0
14,5,152.0
24,14,1398.0
38,0,281.0
19,28,931.0
8,30,160.0
1,31,790.0
24,21,565.0
36,6,438.0
36,29,127.0
11,7,801.0
17,3,148.0
32,20,42.0
17,36,170.0
22,10,490.0
2,29,462.0
32,2,191.0
29,17,1462.0
14,22,2667.0
29,8,188.0
15,6,1481.0
4,6,307.0
5,38,173.0
14,34,636.0
35,18,1202.0
24,6,1470.0
14,28,3524.0
24,29,624.0
6,27,1228.0
33,29,72.0
30,16,294.0
20,32,42.0
20,21,154.0
6,11,1141.0
26,17,2521.0
25,4,262.0
18,27,15155.0
25,12,6474.0
11,27,517.0
26,19,2795.0
17,8,207.0
37,7,971.0
2,24,1005.0
35,19,197.0
13,37,250.0
3,27,232.0
2,7,1337.0
31,37,198.0
17,29,1462.0
36,30,137.0
15,27,1048.0
20,22,591.0
27,32,186.0
11,15,486.0
24,5,136.0
24,36,273.0
30,5,71.0
20,35,82.0
32,26,181.0
33,30,68.0
23,34,504.0
15,10,1216.0
12,24,2385.0
26,35,334.0
14,35,354.0
28,12,2889.0
25,32,241.0
19,32,115.0
2,20,294.0
1,36,4865.0
31,19,214.0
32,9,308.0
4,14,216.0
9,3,220.0
5,1,906.0
36,15,194.0
14,6,1658.0
27,8,290.0
29,35,132.0
4,7,239.0
9,0,268.0
19,25,2880.0
24,26,1693.0
27,0,289.0
22,28,1503.0
15,28,631.0
31,27,385.0
38,23,455.0
23,14,2229.0
3,7,358.0
16,28,371.0
8,4,67.0
33,10,83.0
20,26,970.0
8,31,218.0
37,10,357.0
34,24,483.0
38,35,351.0
19,11,323.0
38,13,181.0
12,19,2353.0
3,0,170.0
4,11,353.0
31,9,302.0
32,27,186.0
0,11,256.0
13,26,953.0
26,37,643.0
18,36,1132.0
20,17,491.0
30,7,859.0
23,10,690.0
6,2,1595.0
38,4,251.0
15,12,5560.0
20,19,327.0
9,24,668.0
37,5,379.0
9,19,642.0
31,17,298.0
2,11,1056.0
3,19,153.0
29,0,129.0
11,24,474.0
30,26,875.0
33,24,136.0
37,15,443.0
20,14,799.0
28,22,1503.0
31,5,49.0
26,22,6739.0
32,7,142.0
12,17,4536.0
38,9,369.0
15,17,843.0
18,17,7887.0
18,8,1130.0
21,23,780.0
12,18,15065.0
20,13,316.0
4,31,56.0
35,2,1417.0
36,24,273.0
18,10,2081.0
19,5,76.0
15,20,362.0
28,37,290.0
33,16,46.0
29,27,1244.0
10,12,2391.0
35,3,219.0
16,10,277.0
14,21,415.0
21,13,178.0
23,12,3944.0
1,6,4348.0
9,16,333.0
21,6,849.0
34,9,492.0
8,37,233.0
29,23,1350.0
37,34,642.0
34,36,603.0
35,20,82.0
22,2,1046.0
25,30,1295.0
26,33,179.0
33,11,147.0
27,17,4012.0
1,20,737.0
16,1,801.0
20,6,464.0
11,13,253.0
15,1,1789.0
20,5,39.0
9,5,111.0
6,16,642.0
1,23,2611.0
20,30,368.0
31,29,326.0
4,37,367.0
26,18,104079.0
9,15,1024.0
22,0,304.0
34,33,407.0
14,12,11246.0
32,11,116.0
29,25,2105.0
28,19,931.0
26,12,4463.0
37,24,593.0
5,6,364.0
35,15,200.0
35,30,137.0
7,38,650.0
9,22,913.0
13,4,76.0
26,1,2827.0
1,5,906.0
37,14,689.0
9,30,354.0
37,1,8690.0
18,32,649.0
28,18,8625.0
7,22,1063.0
10,9,809.0
10,5,86.0
22,11,497.0
30,31,249.0
1,17,1522.0
6,32,179.0
6,19,745.0
14,23,2229.0
7,31,695.0
16,38,139.0
25,16,1000.0
32,22,164.0
23,19,899.0
28,30,380.0
27,16,526.0
16,21,199.0
3,34,346.0
29,14,2549.0
5,26,140.0
10,17,415.0
7,8,692.0
10,13,398.0
1,9,2160.0
5,30,71.0
23,1,2611.0
30,2,504.0
22,33,165.0
23,38,455.0
14,17,11098.0
28,26,3047.0
5,19,76.0
18,0,1189.0
14,32,235.0
13,11,253.0
16,25,1000.0
5,14,152.0
27,34,524.0
21,15,315.0
11,25,784.0
21,16,199.0
21,36,84.0
19,1,1607.0
24,27,1145.0
34,15,355.0
29,10,377.0
3,38,967.0
30,37,303.0
18,1,10114.0
32,23,141.0
35,13,120.0
32,10,93.0
15,18,3677.0
21,7,1109.0
27,31,385.0
15,5,105.0
23,0,274.0
11,32,116.0
25,2,1546.0
1,19,1607.0
35,24,274.0
21,12,810.0
34,23,504.0
12,4,439.0
7,29,636.0
3,24,240.0
0,34,3428.0
24,16,480.0
12,33,384.0
35,8,88.0
15,26,1088.0
6,38,776.0
30,28,380.0
33,5,28.0
18,6,5035.0
11,9,636.0
2,16,315.0
29,12,4008.0
15,25,1610.0
10,16,277.0
26,31,455.0
12,35,681.0
35,31,84.0
20,2,294.0
18,25,43810.0
2,15,705.0
38,7,650.0
9,27,1176.0
25,18,43810.0
2,4,643.0
34,30,242.0
26,5,140.0
6,25,2059.0
12,36,642.0
4,23,178.0
36,4,195.0
21,24,565.0
16,17,447.0
14,29,2549.0
0,27,289.0
33,25,238.0
15,31,737.0
19,34,357.0
30,27,601.0
29,32,79.0
14,8,409.0
4,16,56.0
38,15,311.0
31,16,472.0
33,31,43.0
7,26,1291.0
38,20,128.0
21,1,817.0
1,22,2542.0
21,17,223.0
15,3,179.0
26,20,970.0
15,13,1193.0
34,4,280.0
17,28,3729.0
29,6,753.0
34,18,2157.0
27,24,1145.0
26,16,632.0
18,14,12620.0
33,3,78.0
17,22,1555.0
33,14,197.0
11,3,334.0
18,3,965.0
3,36,407.0
10,32,93.0
18,7,4484.0
13,30,290.0
3,15,179.0
25,28,5580.0
37,23,626.0
38,18,1741.0
15,14,1724.0
21,37,204.0
17,15,843.0
33,35,187.0
13,19,437.0
1,21,817.0
8,13,185.0
0,17,177.0
21,29,203.0
15,7,1106.0
9,29,578.0
5,37,379.0
17,5,78.0
33,6,204.0
31,33,43.0
17,2,618.0
23,36,281.0
23,5,148.0
25,23,3553.0
12,2,2323.0
9,23,909.0
29,1,1155.0
17,4,109.0
2,19,665.0
15,29,960.0
30,34,242.0
3,33,78.0
29,38,200.0
38,21,144.0
17,31,298.0
8,25,466.0
20,31,181.0
17,33,99.0
35,17,180.0
5,29,62.0
19,18,11852.0
38,3,967.0
28,23,1145.0
38,5,173.0
23,7,1830.0
29,18,4077.0
0,19,197.0
30,36,137.0
20,24,611.0
14,9,1705.0
26,14,3856.0
7,34,600.0
32,19,115.0
10,6,1197.0
15,36,194.0
16,23,1665.0
18,12,15065.0
27,15,1048.0
28,7,609.0
30,24,3672.0
32,14,235.0
34,8,155.0
22,16,448.0
14,24,1398.0
23,29,1350.0
0,12,666.0
18,33,646.0
5,0,55.0
28,29,1056.0
38,32,75.0
19,14,1927.0
1,7,3637.0
13,31,312.0
21,11,173.0
20,10,180.0
2,12,2323.0
31,30,249.0
12,34,1222.0
28,27,2775.0
23,26,2210.0
34,13,214.0
12,22,3402.0
2,8,328.0
27,23,1601.0
37,38,1846.0
19,22,4212.0
36,10,150.0
35,6,414.0
5,15,105.0
11,31,195.0
26,38,487.0
26,6,1450.0
33,4,71.0
12,3,573.0
33,32,46.0
2,31,306.0
16,14,819.0
9,6,1128.0
24,32,117.0
28,15,631.0
37,17,353.0
38,26,487.0
1,2,19465.0
0,25,437.0
28,36,139.0
30,11,248.0
35,27,291.0
22,18,37252.0
22,31,346.0
29,3,113.0
29,7,636.0
20,36,80.0
2,32,191.0
18,20,3005.0
32,5,20.0
20,15,362.0
0,31,80.0
12,0,666.0
25,7,1839.0
36,32,53.0
24,18,5851.0
37,33,156.0
11,22,497.0
38,14,509.0
22,26,6739.0
31,28,243.0
28,8,165.0
33,0,241.0
4,32,39.0
33,12,384.0
12,15,5560.0
32,16,47.0
13,32,74.0
1,3,6106.0
7,30,859.0
28,10,318.0
38,31,138.0
19,16,274.0
18,38,1741.0
23,11,562.0
26,25,21613.0
19,9,642.0
25,9,1475.0
22,37,569.0
22,5,122.0
7,35,344.0
32,8,44.0
7,12,2835.0
5,16,46.0
17,16,447.0
25,13,1480.0
36,17,170.0
17,12,4536.0
31,2,306.0
29,5,62.0
21,25,587.0
3,25,365.0
5,24,136.0
31,4,56.0
26,10,603.0
24,8,287.0
37,29,274.0
12,11,1473.0
31,34,148.0
28,24,702.0
33,17,99.0
31,3,78.0
16,8,157.0
30,0,131.0
20,9,268.0
36,18,1132.0
18,22,37252.0
24,31,410.0
35,36,428.0
0,6,384.0
31,7,695.0
29,33,72.0
15,37,443.0
34,1,3556.0
21,31,238.0
33,1,774.0
21,4,53.0
27,11,517.0
24,13,513.0
35,9,272.0
11,8,276.0
25,31,682.0
23,2,1027.0
26,15,1088.0
13,8,185.0
17,21,223.0
19,26,2795.0
22,17,1555.0
23,28,1145.0
13,29,2355.0
11,18,2023.0
0,35,863.0
11,23,562.0
17,7,730.0
4,29,83.0
36,1,4865.0
34,2,2046.0
27,2,985.0
35,12,681.0
28,21,190.0
3,32,45.0
10,23,690.0
21,0,78.0
25,5,193.0
17,0,177.0
22,9,913.0
0,30,131.0
27,6,1228.0
23,16,1665.0
33,7,168.0
23,37,626.0
8,24,287.0
1,30,1287.0
29,20,463.0
5,36,77.0
26,21,401.0
15,34,355.0
1,35,2265.0
31,1,790.0
9,2,888.0
10,29,377.0
0,26,329.0
26,7,1291.0
8,9,310.0
24,20,611.0
33,34,407.0
17,20,491.0
3,37,1144.0
19,35,197.0
18,16,2075.0
7,20,426.0
34,0,3428.0
26,32,181.0
4,35,171.0
23,15,1423.0
7,16,553.0
5,33,28.0
14,25,5618.0
2,25,1546.0
31,10,319.0
28,32,86.0
0,28,145.0
18,4,691.0
25,14,5618.0
4,3,221.0
21,19,190.0
0,32,65.0
19,4,111.0
4,15,136.0
11,30,248.0
16,35,88.0
18,30,2985.0
25,19,2880.0
17,6,856.0
18,5,498.0
38,12,992.0
22,20,591.0
2,28,509.0
19,17,1066.0
1,38,30034.0
14,13,2069.0
1,14,2960.0
38,8,153.0
32,12,491.0
29,11,268.0
24,30,3672.0
24,15,761.0
2,0,973.0
17,19,1066.0
13,17,1012.0
29,36,127.0
28,0,145.0
38,10,242.0
8,15,473.0
22,4,172.0
29,22,842.0
12,21,810.0
6,26,1450.0
37,13,250.0
36,5,77.0
17,14,11098.0
20,0,80.0
12,14,11246.0
20,11,154.0
2,5,282.0
33,26,179.0
12,31,1279.0
37,3,1144.0
25,17,3893.0
5,32,20.0
0,20,80.0
10,25,858.0
16,32,47.0
28,16,371.0
12,25,6474.0
11,34,497.0
15,32,121.0
26,8,327.0
37,4,367.0
18,34,2157.0
12,26,4463.0
10,2,543.0
8,29,188.0
3,28,121.0
36,26,315.0
20,8,103.0
13,1,1045.0
22,13,670.0
25,3,365.0
23,24,2210.0
2,10,543.0
31,8,218.0
23,33,147.0
9,32,308.0
1,16,801.0
4,26,193.0
13,12,5321.0
17,38,262.0
24,3,240.0
28,11,270.0
21,8,142.0
34,14,636.0
36,31,84.0
25,35,445.0
21,27,312.0
13,24,513.0
32,17,112.0
32,0,65.0
28,5,64.0
2,6,1595.0
4,24,162.0
21,38,144.0
2,13,418.0
31,25,682.0
15,4,136.0
7,17,730.0
19,24,752.0
16,4,56.0
15,2,705.0
12,32,491.0
32,3,45.0
38,34,560.0
35,21,82.0
6,15,1481.0
26,27,4415.0
24,7,1510.0
5,2,282.0
9,12,4743.0
26,34,598.0
16,3,78.0
30,19,381.0
30,33,68.0
29,16,636.0
1,33,774.0
6,5,364.0
29,37,274.0
12,7,2835.0
17,18,7887.0
10,18,2081.0
11,10,470.0
15,35,200.0
13,25,1480.0
33,21,41.0
12,37,1372.0
38,27,412.0
10,26,603.0
38,17,262.0
13,21,178.0
4,21,53.0
17,1,1522.0
4,13,76.0
29,4,83.0
25,24,2441.0
38,16,139.0
36,37,572.0
32,33,46.0
36,14,331.0
15,11,486.0
12,5,309.0
10,31,319.0
34,5,107.0
36,21,84.0
2,14,1205.0
9,20,268.0
10,14,851.0
