@nodes
label table_size
34 297
33 297
32 297
31 297
30 297
29 297
28 297
27 297
26 297
25 297
24 297
23 297
22 297
21 297
20 297
19 297
18 297
17 297
16 297
15 297
14 297
13 297
12 297
11 297
10 297
9 297
8 297
7 297
6 297
5 297
4 297
3 297
2 297
1 297
0 297
@arcs
       bandwidth
34 32 365.179
34 29 461.706
34 26 493.275
34 21 514.699
34 16 541.463
33 16 541.463
33 12 529.049
33 10 529.049
33 2 425.67
32 34 365.179
32 30 447.761
32 29 461.706
32 28 357.67
32 24 417.701
32 21 514.699
32 6 381.37
32 0 365.179
31 25 415.865
31 23 442.105
31 7 521.092
30 32 447.761
30 29 461.706
30 20 447.761
30 0 447.761
29 34 461.706
29 32 461.706
29 30 461.706
29 26 493.275
29 20 461.706
28 32 357.67
28 22 386.087
28 18 506.729
28 11 433.985
28 9 399.553
28 8 400.906
28 6 381.37
28 4 440.315
28 1 416.471
27 17 374.937
27 15 445.351
27 5 459.964
27 3 384.615
26 34 493.275
26 29 493.275
26 20 493.275
26 17 374.937
26 16 541.463
25 31 415.865
25 17 374.937
25 14 391.572
25 5 415.865
25 3 384.615
24 32 417.701
24 6 381.37
24 4 440.315
24 0 417.701
23 31 442.105
23 19 590.228
23 11 433.985
23 9 399.553
23 7 521.092
22 28 386.087
22 18 506.729
22 13 473.01
22 11 433.985
22 8 400.906
21 34 514.699
21 32 514.699
21 17 374.937
21 16 541.463
21 6 381.37
21 1 416.471
20 30 447.761
20 29 461.706
20 26 493.275
19 23 590.228
19 8 400.906
18 28 506.729
18 22 506.729
18 4 440.315
17 27 374.937
17 26 374.937
17 25 374.937
17 21 374.937
17 15 445.351
17 3 384.615
17 2 425.67
16 34 541.463
16 33 541.463
16 26 541.463
16 21 541.463
16 12 541.463
15 27 445.351
15 17 445.351
15 10 445.351
15 2 425.67
14 25 391.572
14 9 399.553
14 7 521.092
14 3 384.615
14 1 416.471
13 22 473.01
13 8 400.906
12 33 529.049
12 16 541.463
12 2 425.67
11 28 433.985
11 23 433.985
11 22 433.985
11 9 399.553
11 8 400.906
10 33 529.049
10 15 445.351
9 28 399.553
9 23 399.553
9 14 399.553
9 11 399.553
9 7 521.092
9 6 381.37
9 1 416.471
8 28 400.906
8 22 400.906
8 19 400.906
8 13 400.906
8 11 400.906
7 31 521.092
7 23 521.092
7 14 521.092
7 9 521.092
6 32 381.37
6 28 381.37
6 24 381.37
6 21 381.37
6 9 381.37
6 4 440.315
6 1 416.471
5 27 459.964
5 25 415.865
4 28 440.315
4 24 440.315
4 18 440.315
4 6 440.315
3 27 384.615
3 25 384.615
3 17 384.615
3 14 384.615
3 1 416.471
2 33 425.67
2 17 425.67
2 15 425.67
2 12 425.67
1 28 416.471
1 21 416.471
1 14 416.471
1 9 416.471
1 6 416.471
1 3 416.471
0 32 365.179
0 30 447.761
0 24 417.701
