@nodes
label table_size
34 297
33 297
32 297
31 297
30 297
29 297
28 297
27 297
26 297
25 297
24 297
23 297
22 297
21 297
20 297
19 297
18 297
17 297
16 297
15 297
14 297
13 297
12 297
11 297
10 297
9 297
8 297
7 297
6 297
5 297
4 297
3 297
2 297
1 297
0 297
@arcs
       bandwidth
34 32 325.277
34 29 331.078
34 26 352.197
34 21 354.898
34 16 378.089
33 16 378.089
33 12 383.349
33 10 482.209
33 2 348.768
32 34 325.277
32 30 335.54
32 29 331.078
32 28 321.663
32 24 341.269
32 21 354.898
32 6 328.457
32 0 396.324
31 25 344.439
31 23 357.97
31 7 385.1
30 32 335.54
30 29 331.078
30 20 369.773
30 0 396.324
29 34 331.078
29 32 331.078
29 30 331.078
29 26 352.197
29 20 369.773
28 32 321.663
28 22 336.293
28 18 363.326
28 11 350.197
28 9 334.047
28 8 343.784
28 6 328.457
28 4 338.588
28 1 338.722
27 17 332.89
27 15 356.788
27 5 403.006
27 3 338.389
26 34 352.197
26 29 352.197
26 20 369.773
26 17 332.89
26 16 378.089
25 31 344.439
25 17 332.89
25 14 336.833
25 5 403.006
25 3 338.389
24 32 341.269
24 6 328.457
24 4 338.588
24 0 396.324
23 31 357.97
23 19 408
23 11 350.197
23 9 334.047
23 7 385.1
22 28 336.293
22 18 363.326
22 13 381.818
22 11 350.197
22 8 343.784
21 34 354.898
21 32 354.898
21 17 332.89
21 16 378.089
21 6 328.457
21 1 338.722
20 30 369.773
20 29 369.773
20 26 369.773
19 23 408
19 8 343.784
18 28 363.326
18 22 363.326
18 4 338.588
17 27 332.89
17 26 332.89
17 25 332.89
17 21 332.89
17 15 356.788
17 3 338.389
17 2 348.768
16 34 378.089
16 33 378.089
16 26 378.089
16 21 378.089
16 12 383.349
15 27 356.788
15 17 356.788
15 10 482.209
15 2 348.768
14 25 336.833
14 9 334.047
14 7 385.1
14 3 338.389
14 1 338.722
13 22 381.818
13 8 343.784
12 33 383.349
12 16 383.349
12 2 348.768
11 28 350.197
11 23 350.197
11 22 350.197
11 9 334.047
11 8 343.784
10 33 482.209
10 15 482.209
9 28 334.047
9 23 334.047
9 14 334.047
9 11 334.047
9 7 385.1
9 6 328.457
9 1 338.722
8 28 343.784
8 22 343.784
8 19 343.784
8 13 343.784
8 11 343.784
7 31 385.1
7 23 385.1
7 14 385.1
7 9 385.1
6 32 328.457
6 28 328.457
6 24 328.457
6 21 328.457
6 9 328.457
6 4 338.588
6 1 338.722
5 27 403.006
5 25 403.006
4 28 338.588
4 24 338.588
4 18 338.588
4 6 338.588
3 27 338.389
3 25 338.389
3 17 338.389
3 14 338.389
3 1 338.722
2 33 348.768
2 17 348.768
2 15 348.768
2 12 348.768
1 28 338.722
1 21 338.722
1 14 338.722
1 9 338.722
1 6 338.722
1 3 338.722
0 32 396.324
0 30 396.324
0 24 396.324
