@nodes
label table_size
34 297
33 297
32 297
31 297
30 297
29 297
28 297
27 297
26 297
25 297
24 297
23 297
22 297
21 297
20 297
19 297
18 297
17 297
16 297
15 297
14 297
13 297
12 297
11 297
10 297
9 297
8 297
7 297
6 297
5 297
4 297
3 297
2 297
1 297
0 297
@arcs
       bandwidth
34 32 381.969
34 29 545.455
34 26 553.846
34 21 592.131
34 16 581.073
33 16 581.073
33 12 574.154
33 10 574.154
33 2 449.748
32 34 381.969
32 30 491.613
32 29 545.455
32 28 367.654
32 24 458.259
32 21 592.131
32 6 401.596
32 0 381.969
31 25 445.351
31 23 503.89
31 7 584.665
30 32 491.613
30 29 545.455
30 20 491.613
30 0 491.613
29 34 545.455
29 32 545.455
29 30 545.455
29 26 553.846
29 20 545.455
28 32 367.654
28 22 407.22
28 18 586.495
28 11 486.013
28 9 439.002
28 8 428.944
28 6 401.596
28 4 488.372
28 1 457.699
27 17 391.95
27 15 490.792
27 5 502.041
27 3 405.195
26 34 553.846
26 29 553.846
26 20 553.846
26 17 391.95
26 16 581.073
25 31 445.351
25 17 391.95
25 14 422.897
25 5 445.351
25 3 405.195
24 32 458.259
24 6 401.596
24 4 488.372
24 0 458.259
23 31 503.89
23 19 503.89
23 11 486.013
23 9 439.002
23 7 584.665
22 28 407.22
22 18 586.495
22 13 531.429
22 11 486.013
22 8 428.944
21 34 592.131
21 32 592.131
21 17 391.95
21 16 581.073
21 6 401.596
21 1 457.699
20 30 491.613
20 29 545.455
20 26 553.846
19 23 503.89
19 8 428.944
18 28 586.495
18 22 586.495
18 4 488.372
17 27 391.95
17 26 391.95
17 25 391.95
17 21 391.95
17 15 490.792
17 3 405.195
17 2 449.748
16 34 581.073
16 33 581.073
16 26 581.073
16 21 581.073
16 12 581.073
15 27 490.792
15 17 490.792
15 10 490.792
15 2 449.748
14 25 422.897
14 9 439.002
14 7 584.665
14 3 405.195
14 1 457.699
13 22 531.429
13 8 428.944
12 33 574.154
12 16 581.073
12 2 449.748
11 28 486.013
11 23 486.013
11 22 486.013
11 9 439.002
11 8 428.944
10 33 574.154
10 15 490.792
9 28 439.002
9 23 439.002
9 14 439.002
9 11 439.002
9 7 584.665
9 6 401.596
9 1 457.699
8 28 428.944
8 22 428.944
8 19 428.944
8 13 428.944
8 11 428.944
7 31 584.665
7 23 584.665
7 14 584.665
7 9 584.665
6 32 401.596
6 28 401.596
6 24 401.596
6 21 401.596
6 9 401.596
6 4 488.372
6 1 457.699
5 27 502.041
5 25 445.351
4 28 488.372
4 24 488.372
4 18 488.372
4 6 488.372
3 27 405.195
3 25 405.195
3 17 405.195
3 14 405.195
3 1 457.699
2 33 449.748
2 17 449.748
2 15 449.748
2 12 449.748
1 28 457.699
1 21 457.699
1 14 457.699
1 9 457.699
1 6 457.699
1 3 457.699
0 32 381.969
0 30 491.613
0 24 458.259
