@nodes
label table_size
34 297
33 297
32 297
31 297
30 297
29 297
28 297
27 297
26 297
25 297
24 297
23 297
22 297
21 297
20 297
19 297
18 297
17 297
16 297
15 297
14 297
13 297
12 297
11 297
10 297
9 297
8 297
7 297
6 297
5 297
4 297
3 297
2 297
1 297
0 297
@arcs
       bandwidth
34 32 344.35
34 29 378.089
34 26 426.025
34 21 419.277
34 16 460.541
33 16 460.541
33 12 494.118
33 10 454.957
33 2 392.909
32 34 344.35
32 30 380.054
32 29 378.089
32 28 339.653
32 24 374.561
32 21 419.277
32 6 351.473
32 0 468.431
31 25 388.131
31 23 399.11
31 7 453.356
30 32 380.054
30 29 378.089
30 20 485.239
30 0 468.431
29 34 378.089
29 32 378.089
29 30 378.089
29 26 426.025
29 20 485.239
28 32 339.653
28 22 361.746
28 18 436.866
28 11 395.294
28 9 363.78
28 8 374.065
28 6 351.473
28 4 389.368
28 1 375.959
27 17 357.595
27 15 407.739
27 5 414.968
27 3 364.612
26 34 426.025
26 29 426.025
26 20 485.239
26 17 357.595
26 16 460.541
25 31 388.131
25 17 357.595
25 14 366.642
25 5 388.131
25 3 364.612
24 32 374.561
24 6 351.473
24 4 389.368
24 0 468.431
23 31 399.11
23 19 478.557
23 11 395.294
23 9 363.78
23 7 453.356
22 28 361.746
22 18 436.866
22 13 420.896
22 11 395.294
22 8 374.065
21 34 419.277
21 32 419.277
21 17 357.595
21 16 460.541
21 6 351.473
21 1 375.959
20 30 485.239
20 29 485.239
20 26 485.239
19 23 478.557
19 8 374.065
18 28 436.866
18 22 436.866
18 4 389.368
17 27 357.595
17 26 357.595
17 25 357.595
17 21 357.595
17 15 407.739
17 3 364.612
17 2 392.909
16 34 460.541
16 33 460.541
16 26 460.541
16 21 460.541
16 12 494.118
15 27 407.739
15 17 407.739
15 10 407.739
15 2 392.909
14 25 366.642
14 9 363.78
14 7 453.356
14 3 364.612
14 1 375.959
13 22 420.896
13 8 374.065
12 33 494.118
12 16 494.118
12 2 392.909
11 28 395.294
11 23 395.294
11 22 395.294
11 9 363.78
11 8 374.065
10 33 454.957
10 15 407.739
9 28 363.78
9 23 363.78
9 14 363.78
9 11 363.78
9 7 453.356
9 6 351.473
9 1 375.959
8 28 374.065
8 22 374.065
8 19 374.065
8 13 374.065
8 11 374.065
7 31 453.356
7 23 453.356
7 14 453.356
7 9 453.356
6 32 351.473
6 28 351.473
6 24 351.473
6 21 351.473
6 9 351.473
6 4 389.368
6 1 375.959
5 27 414.968
5 25 388.131
4 28 389.368
4 24 389.368
4 18 389.368
4 6 389.368
3 27 364.612
3 25 364.612
3 17 364.612
3 14 364.612
3 1 375.959
2 33 392.909
2 17 392.909
2 15 392.909
2 12 392.909
1 28 375.959
1 21 375.959
1 14 375.959
1 9 375.959
1 6 375.959
1 3 375.959
0 32 468.431
0 30 468.431
0 24 468.431
