@nodes
label table_size
34 297
33 297
32 297
31 297
30 297
29 297
28 297
27 297
26 297
25 297
24 297
23 297
22 297
21 297
20 297
19 297
18 297
17 297
16 297
15 297
14 297
13 297
12 297
11 297
10 297
9 297
8 297
7 297
6 297
5 297
4 297
3 297
2 297
1 297
0 297
@arcs
       bandwidth
34 32 306.788
34 29 307.475
34 26 310.551
34 21 315.423
34 16 321.663
33 16 321.663
33 12 326.353
33 10 352.014
33 2 317.352
32 34 306.788
32 30 309.198
32 29 307.475
32 28 306.092
32 24 310.767
32 21 315.423
32 6 308.997
32 0 324.798
31 25 311.375
31 23 316.689
31 7 321.301
30 32 309.198
30 29 307.475
30 20 313.245
30 0 324.798
29 34 307.475
29 32 307.475
29 30 307.475
29 26 310.551
29 20 313.245
28 32 306.092
28 22 310.654
28 18 319.198
28 11 311.172
28 9 309.752
28 8 311.698
28 6 308.997
28 4 311.772
28 1 311.309
27 17 309.797
27 15 320.31
27 5 322.923
27 3 310.947
26 34 310.551
26 29 310.551
26 20 313.245
26 17 309.797
26 16 321.663
25 31 311.375
25 17 309.797
25 14 310.34
25 5 322.923
25 3 310.947
24 32 310.767
24 6 308.997
24 4 311.772
24 0 324.798
23 31 316.689
23 19 327.56
23 11 311.172
23 9 309.752
23 7 321.301
22 28 310.654
22 18 319.198
22 13 326.589
22 11 311.172
22 8 311.698
21 34 315.423
21 32 315.423
21 17 309.797
21 16 321.663
21 6 308.997
21 1 311.309
20 30 313.245
20 29 313.245
20 26 313.245
19 23 327.56
19 8 311.698
18 28 319.198
18 22 319.198
18 4 311.772
17 27 309.797
17 26 309.797
17 25 309.797
17 21 309.797
17 15 320.31
17 3 310.947
17 2 317.352
16 34 321.663
16 33 321.663
16 26 321.663
16 21 321.663
16 12 326.353
15 27 320.31
15 17 320.31
15 10 352.014
15 2 317.352
14 25 310.34
14 9 309.752
14 7 321.301
14 3 310.947
14 1 311.309
13 22 326.589
13 8 311.698
12 33 326.353
12 16 326.353
12 2 317.352
11 28 311.172
11 23 311.172
11 22 311.172
11 9 309.752
11 8 311.698
10 33 352.014
10 15 352.014
9 28 309.752
9 23 309.752
9 14 309.752
9 11 309.752
9 7 321.301
9 6 308.997
9 1 311.309
8 28 311.698
8 22 311.698
8 19 311.698
8 13 311.698
8 11 311.698
7 31 321.301
7 23 321.301
7 14 321.301
7 9 321.301
6 32 308.997
6 28 308.997
6 24 308.997
6 21 308.997
6 9 308.997
6 4 311.772
6 1 311.309
5 27 322.923
5 25 322.923
4 28 311.772
4 24 311.772
4 18 311.772
4 6 311.772
3 27 310.947
3 25 310.947
3 17 310.947
3 14 310.947
3 1 311.309
2 33 317.352
2 17 317.352
2 15 317.352
2 12 317.352
1 28 311.309
1 21 311.309
1 14 311.309
1 9 311.309
1 6 311.309
1 3 311.309
0 32 324.798
0 30 324.798
0 24 324.798
