@nodes
label table_size
39 390
38 390
37 390
36 390
35 390
34 390
33 390
32 390
31 390
30 390
29 390
28 390
27 390
26 390
25 390
24 390
23 390
22 390
21 390
20 390
19 390
18 390
17 390
16 390
15 390
14 390
13 390
12 390
11 390
10 390
9 390
8 390
7 390
6 390
5 390
4 390
3 390
2 390
1 390
0 390
@arcs
       bandwidth
39 26 86.8634
39 22 84.8864
39 9 84.8469
39 1 84.7517
38 33 82.812
38 29 86.3377
38 27 87.1319
38 20 85.6911
38 11 94.3103
37 33 82.812
37 28 83.5089
37 24 81.6381
37 4 87.4555
36 24 81.6381
36 16 88.1127
36 13 84.642
36 5 85.6076
36 3 84.1167
35 30 89.0187
35 29 86.3377
35 24 81.6381
35 9 84.8469
35 6 87.3775
34 32 95.0931
34 30 89.0187
34 26 86.8634
34 20 85.6911
33 38 82.812
33 37 82.812
33 31 86.6925
33 20 85.6911
33 4 87.4555
32 34 95.0931
32 11 94.3103
32 8 94.7124
32 7 101.719
31 33 86.6925
31 24 81.6381
31 4 87.4555
31 1 84.7517
30 35 89.0187
30 34 89.0187
30 26 86.8634
30 18 87.9296
29 38 86.3377
29 35 86.3377
29 9 84.8469
29 6 87.3775
29 5 85.6076
28 37 83.5089
28 16 88.1127
28 13 84.642
28 12 86.3793
28 0 85.1558
27 38 87.1319
27 20 85.6911
27 18 87.9296
27 15 91.1271
26 39 86.8634
26 34 86.8634
26 30 86.8634
26 25 87.8581
26 18 87.9296
25 26 87.8581
25 23 88.3723
25 18 87.9296
25 17 98.4605
25 2 106.675
24 37 81.6381
24 36 81.6381
24 35 81.6381
24 31 81.6381
24 6 87.3775
23 25 88.3723
23 22 84.8864
23 21 91.0054
23 17 98.4605
23 2 106.675
22 39 84.8864
22 23 84.8864
22 21 91.0054
22 9 84.8469
21 23 91.0054
21 22 91.0054
21 17 98.4605
21 2 106.675
20 38 85.6911
20 34 85.6911
20 33 85.6911
20 27 85.6911
19 16 88.1127
19 12 86.3793
19 10 86.4635
19 0 85.1558
18 30 87.9296
18 27 87.9296
18 26 87.9296
18 25 87.9296
18 8 94.7124
17 25 98.4605
17 23 98.4605
17 21 98.4605
17 2 106.675
16 36 88.1127
16 28 88.1127
16 19 88.1127
16 0 85.1558
15 27 91.1271
15 14 102.438
15 11 94.3103
15 8 94.7124
15 7 101.719
14 15 102.438
14 11 94.3103
14 8 94.7124
14 7 101.719
13 36 84.642
13 28 84.642
13 5 85.6076
13 3 84.1167
13 0 85.1558
12 28 86.3793
12 19 86.3793
12 10 86.4635
12 0 85.1558
11 38 94.3103
11 32 94.3103
11 15 94.3103
11 14 94.3103
10 19 86.4635
10 12 86.4635
10 5 85.6076
10 3 84.1167
9 39 84.8469
9 35 84.8469
9 29 84.8469
9 22 84.8469
9 6 87.3775
8 32 94.7124
8 18 94.7124
8 15 94.7124
8 14 94.7124
8 7 101.719
7 32 101.719
7 15 101.719
7 14 101.719
7 8 101.719
6 35 87.3775
6 29 87.3775
6 24 87.3775
6 9 87.3775
5 36 85.6076
5 29 85.6076
5 13 85.6076
5 10 85.6076
5 3 84.1167
4 37 87.4555
4 33 87.4555
4 31 87.4555
4 1 84.7517
3 36 84.1167
3 13 84.1167
3 10 84.1167
3 5 84.1167
3 1 84.7517
2 25 106.675
2 23 106.675
2 21 106.675
2 17 106.675
1 39 84.7517
1 31 84.7517
1 4 84.7517
1 3 84.7517
0 28 85.1558
0 19 85.1558
0 16 85.1558
0 13 85.1558
0 12 85.1558
