@nodes
label table_size
39 390
38 390
37 390
36 390
35 390
34 390
33 390
32 390
31 390
30 390
29 390
28 390
27 390
26 390
25 390
24 390
23 390
22 390
21 390
20 390
19 390
18 390
17 390
16 390
15 390
14 390
13 390
12 390
11 390
10 390
9 390
8 390
7 390
6 390
5 390
4 390
3 390
2 390
1 390
0 390
@arcs
       bandwidth
39 26 80.3423
39 22 80.2734
39 9 80.399
39 1 79.7936
38 33 79.5923
38 29 80.9199
38 27 81.2333
38 20 80.2045
38 11 84.3444
37 33 79.5923
37 28 79.8419
37 24 79.1036
37 4 80.2909
36 24 79.1036
36 16 81.161
36 13 80.3095
36 5 80.2924
36 3 79.6571
35 30 81.619
35 29 80.9199
35 24 79.1036
35 9 80.399
35 6 81.204
34 32 84.1751
34 30 81.619
34 26 80.3423
34 20 80.2045
33 38 79.5923
33 37 79.5923
33 31 80.2264
33 20 80.2045
33 4 80.2909
32 34 84.1751
32 11 84.3444
32 8 83.5913
32 7 87.2816
31 33 80.2264
31 24 79.1036
31 4 80.2909
31 1 79.7936
30 35 81.619
30 34 81.619
30 26 80.3423
30 18 80.8733
29 38 80.9199
29 35 80.9199
29 9 80.399
29 6 81.204
29 5 80.2924
28 37 79.8419
28 16 81.161
28 13 80.3095
28 12 80.4118
28 0 80.0558
27 38 81.2333
27 20 80.2045
27 18 80.8733
27 15 83.6333
26 39 80.3423
26 34 80.3423
26 30 80.3423
26 25 80.6517
26 18 80.8733
25 26 80.6517
25 23 81.3067
25 18 80.8733
25 17 84.3013
25 2 86.9453
24 37 79.1036
24 36 79.1036
24 35 79.1036
24 31 79.1036
24 6 81.204
23 25 81.3067
23 22 80.2734
23 21 82.1644
23 17 84.3013
23 2 86.9453
22 39 80.2734
22 23 80.2734
22 21 82.1644
22 9 80.399
21 23 82.1644
21 22 82.1644
21 17 84.3013
21 2 86.9453
20 38 80.2045
20 34 80.2045
20 33 80.2045
20 27 80.2045
19 16 81.161
19 12 80.4118
19 10 80.2724
19 0 80.0558
18 30 80.8733
18 27 80.8733
18 26 80.8733
18 25 80.8733
18 8 83.5913
17 25 84.3013
17 23 84.3013
17 21 84.3013
17 2 86.9453
16 36 81.161
16 28 81.161
16 19 81.161
16 0 80.0558
15 27 83.6333
15 14 86.6094
15 11 84.3444
15 8 83.5913
15 7 87.2816
14 15 86.6094
14 11 84.3444
14 8 83.5913
14 7 87.2816
13 36 80.3095
13 28 80.3095
13 5 80.2924
13 3 79.6571
13 0 80.0558
12 28 80.4118
12 19 80.4118
12 10 80.2724
12 0 80.0558
11 38 84.3444
11 32 84.3444
11 15 84.3444
11 14 84.3444
10 19 80.2724
10 12 80.2724
10 5 80.2924
10 3 79.6571
9 39 80.399
9 35 80.399
9 29 80.399
9 22 80.399
9 6 81.204
8 32 83.5913
8 18 83.5913
8 15 83.5913
8 14 83.5913
8 7 87.2816
7 32 87.2816
7 15 87.2816
7 14 87.2816
7 8 87.2816
6 35 81.204
6 29 81.204
6 24 81.204
6 9 81.204
5 36 80.2924
5 29 80.2924
5 13 80.2924
5 10 80.2924
5 3 79.6571
4 37 80.2909
4 33 80.2909
4 31 80.2909
4 1 79.7936
3 36 79.6571
3 13 79.6571
3 10 79.6571
3 5 79.6571
3 1 79.7936
2 25 86.9453
2 23 86.9453
2 21 86.9453
2 17 86.9453
1 39 79.7936
1 31 79.7936
1 4 79.7936
1 3 79.7936
0 28 80.0558
0 19 80.0558
0 16 80.0558
0 13 80.0558
0 12 80.0558
