@nodes
label table_size
39 390
38 390
37 390
36 390
35 390
34 390
33 390
32 390
31 390
30 390
29 390
28 390
27 390
26 390
25 390
24 390
23 390
22 390
21 390
20 390
19 390
18 390
17 390
16 390
15 390
14 390
13 390
12 390
11 390
10 390
9 390
8 390
7 390
6 390
5 390
4 390
3 390
2 390
1 390
0 390
@arcs
       bandwidth
39 26 112.241
39 22 98.9666
39 9 99.757
39 1 109.249
38 33 96.3906
38 29 108.596
38 27 117.165
38 20 111.537
38 11 153.826
37 33 96.3906
37 28 104.439
37 24 92.7037
37 4 131.09
36 24 92.7037
36 16 134.528
36 13 107.017
36 5 107.725
36 3 105.383
35 30 127.541
35 29 108.596
35 24 92.7037
35 9 99.757
35 6 113.654
34 32 122.08
34 30 127.541
34 26 112.241
34 20 111.537
33 38 96.3906
33 37 96.3906
33 31 125.174
33 20 111.537
33 4 131.09
32 34 122.08
32 11 153.826
32 8 155
32 7 155
31 33 125.174
31 24 92.7037
31 4 131.09
31 1 109.249
30 35 127.541
30 34 127.541
30 26 112.241
30 18 124.144
29 38 108.596
29 35 108.596
29 9 99.757
29 6 113.654
29 5 107.725
28 37 104.439
28 16 134.528
28 13 107.017
28 12 136.998
28 0 118.455
27 38 117.165
27 20 111.537
27 18 124.144
27 15 128.556
26 39 112.241
26 34 112.241
26 30 112.241
26 25 114.907
26 18 124.144
25 26 114.907
25 23 119.479
25 18 124.144
25 17 114.907
25 2 114.907
24 37 92.7037
24 36 92.7037
24 35 92.7037
24 31 92.7037
24 6 113.654
23 25 119.479
23 22 98.9666
23 21 129.612
23 17 119.479
23 2 119.479
22 39 98.9666
22 23 98.9666
22 21 129.612
22 9 99.757
21 23 129.612
21 22 129.612
21 17 129.612
21 2 129.612
20 38 111.537
20 34 111.537
20 33 111.537
20 27 111.537
19 16 134.528
19 12 136.998
19 10 118.016
19 0 118.455
18 30 124.144
18 27 124.144
18 26 124.144
18 25 124.144
18 8 124.144
17 25 114.907
17 23 119.479
17 21 129.612
17 2 155
16 36 134.528
16 28 134.528
16 19 134.528
16 0 118.455
15 27 128.556
15 14 128.556
15 11 153.826
15 8 128.556
15 7 128.556
14 15 128.556
14 11 153.826
14 8 155
14 7 155
13 36 107.017
13 28 107.017
13 5 107.725
13 3 105.383
13 0 118.455
12 28 136.998
12 19 136.998
12 10 118.016
12 0 118.455
11 38 153.826
11 32 153.826
11 15 153.826
11 14 153.826
10 19 118.016
10 12 118.016
10 5 107.725
10 3 105.383
9 39 99.757
9 35 99.757
9 29 99.757
9 22 99.757
9 6 113.654
8 32 155
8 18 124.144
8 15 128.556
8 14 155
8 7 155
7 32 155
7 15 128.556
7 14 155
7 8 155
6 35 113.654
6 29 113.654
6 24 113.654
6 9 113.654
5 36 107.725
5 29 107.725
5 13 107.725
5 10 107.725
5 3 105.383
4 37 131.09
4 33 131.09
4 31 131.09
4 1 109.249
3 36 105.383
3 13 105.383
3 10 105.383
3 5 105.383
3 1 109.249
2 25 114.907
2 23 119.479
2 21 129.612
2 17 155
1 39 109.249
1 31 109.249
1 4 109.249
1 3 109.249
0 28 118.455
0 19 118.455
0 16 118.455
0 13 118.455
0 12 118.455
