@nodes
label table_size
39 390
38 390
37 390
36 390
35 390
34 390
33 390
32 390
31 390
30 390
29 390
28 390
27 390
26 390
25 390
24 390
23 390
22 390
21 390
20 390
19 390
18 390
17 390
16 390
15 390
14 390
13 390
12 390
11 390
10 390
9 390
8 390
7 390
6 390
5 390
4 390
3 390
2 390
1 390
0 390
@arcs
       bandwidth
39 26 97.3327
39 22 91.0295
39 9 90.9095
39 1 94.8308
38 33 88.8457
38 29 96.1344
38 27 99.8227
38 20 96.0886
38 11 114.631
37 33 88.8457
37 28 91.1026
37 24 86.3793
37 4 105.801
36 24 86.3793
36 16 106.396
36 13 93.0319
36 5 96.4856
36 3 93.1769
35 30 103.967
35 29 96.1344
35 24 86.3793
35 9 90.9095
35 6 97.7852
34 32 116.753
34 30 103.967
34 26 97.3327
34 20 96.0886
33 38 88.8457
33 37 88.8457
33 31 101.797
33 20 96.0886
33 4 105.801
32 34 116.753
32 11 114.631
32 8 116.855
32 7 143.783
31 33 101.797
31 24 86.3793
31 4 105.801
31 1 94.8308
30 35 103.967
30 34 103.967
30 26 97.3327
30 18 103.422
29 38 96.1344
29 35 96.1344
29 9 90.9095
29 6 97.7852
29 5 96.4856
28 37 91.1026
28 16 106.396
28 13 93.0319
28 12 101.797
28 0 97.1521
27 38 99.8227
27 20 96.0886
27 18 103.422
27 15 104.583
26 39 97.3327
26 34 97.3327
26 30 97.3327
26 25 99.4022
26 18 103.422
25 26 99.4022
25 23 100.894
25 18 103.422
25 17 120.07
25 2 141.809
24 37 86.3793
24 36 86.3793
24 35 86.3793
24 31 86.3793
24 6 97.7852
23 25 100.894
23 22 91.0295
23 21 105.383
23 17 120.07
23 2 141.809
22 39 91.0295
22 23 91.0295
22 21 105.383
22 9 90.9095
21 23 105.383
21 22 105.383
21 17 120.07
21 2 141.809
20 38 96.0886
20 34 96.0886
20 33 96.0886
20 27 96.0886
19 16 106.396
19 12 101.797
19 10 99.562
19 0 97.1521
18 30 103.422
18 27 103.422
18 26 103.422
18 25 103.422
18 8 116.855
17 25 120.07
17 23 120.07
17 21 120.07
17 2 141.809
16 36 106.396
16 28 106.396
16 19 106.396
16 0 97.1521
15 27 104.583
15 14 146.507
15 11 114.631
15 8 116.855
15 7 143.783
14 15 146.507
14 11 114.631
14 8 116.855
14 7 143.783
13 36 93.0319
13 28 93.0319
13 5 96.4856
13 3 93.1769
13 0 97.1521
12 28 101.797
12 19 101.797
12 10 99.562
12 0 97.1521
11 38 114.631
11 32 114.631
11 15 114.631
11 14 114.631
10 19 99.562
10 12 99.562
10 5 96.4856
10 3 93.1769
9 39 90.9095
9 35 90.9095
9 29 90.9095
9 22 90.9095
9 6 97.7852
8 32 116.855
8 18 116.855
8 15 116.855
8 14 116.855
8 7 143.783
7 32 143.783
7 15 143.783
7 14 143.783
7 8 143.783
6 35 97.7852
6 29 97.7852
6 24 97.7852
6 9 97.7852
5 36 96.4856
5 29 96.4856
5 13 96.4856
5 10 96.4856
5 3 93.1769
4 37 105.801
4 33 105.801
4 31 105.801
4 1 94.8308
3 36 93.1769
3 13 93.1769
3 10 93.1769
3 5 93.1769
3 1 94.8308
2 25 141.809
2 23 141.809
2 21 141.809
2 17 141.809
1 39 94.8308
1 31 94.8308
1 4 94.8308
1 3 94.8308
0 28 97.1521
0 19 97.1521
0 16 97.1521
0 13 97.1521
0 12 97.1521
