@nodes
label table_size
39 390
38 390
37 390
36 390
35 390
34 390
33 390
32 390
31 390
30 390
29 390
28 390
27 390
26 390
25 390
24 390
23 390
22 390
21 390
20 390
19 390
18 390
17 390
16 390
15 390
14 390
13 390
12 390
11 390
10 390
9 390
8 390
7 390
6 390
5 390
4 390
3 390
2 390
1 390
0 390
@arcs
       bandwidth
39 26 90.221
39 22 86.8634
39 9 86.7318
39 1 88.5149
38 33 84.7586
38 29 89.4466
38 27 91.066
38 20 89.0627
38 11 100.226
37 33 84.7586
37 28 85.831
37 24 83.1601
37 4 93.9088
36 24 83.1601
36 16 93.6458
36 13 87.3969
36 5 88.8372
36 3 87.3261
35 30 93.7675
35 29 89.4466
35 24 83.1601
35 9 86.7318
35 6 90.6757
34 32 101.374
34 30 93.7675
34 26 90.221
34 20 89.0627
33 38 84.7586
33 37 84.7586
33 31 91.6901
33 20 89.0627
33 4 93.9088
32 34 101.374
32 11 100.226
32 8 102.194
32 7 113.654
31 33 91.6901
31 24 83.1601
31 4 93.9088
31 1 88.5149
30 35 93.7675
30 34 93.7675
30 26 90.221
30 18 92.5823
29 38 89.4466
29 35 89.4466
29 9 86.7318
29 6 90.6757
29 5 88.8372
28 37 85.831
28 16 93.6458
28 13 87.3969
28 12 90.6987
28 0 88.7528
27 38 91.066
27 20 89.0627
27 18 92.5823
27 15 95.1961
26 39 90.221
26 34 90.221
26 30 90.221
26 25 91.4286
26 18 92.5823
25 26 91.4286
25 23 92.0733
25 18 92.5823
25 17 105.331
25 2 118.904
24 37 83.1601
24 36 83.1601
24 35 83.1601
24 31 83.1601
24 6 90.6757
23 25 92.0733
23 22 86.8634
23 21 95.2377
23 17 105.331
23 2 118.904
22 39 86.8634
22 23 86.8634
22 21 95.2377
22 9 86.7318
21 23 95.2377
21 22 95.2377
21 17 105.331
21 2 118.904
20 38 89.0627
20 34 89.0627
20 33 89.0627
20 27 89.0627
19 16 93.6458
19 12 90.6987
19 10 90.5958
19 0 88.7528
18 30 92.5823
18 27 92.5823
18 26 92.5823
18 25 92.5823
18 8 102.194
17 25 105.331
17 23 105.331
17 21 105.331
17 2 118.904
16 36 93.6458
16 28 93.6458
16 19 93.6458
16 0 88.7528
15 27 95.1961
15 14 112.003
15 11 100.226
15 8 102.194
15 7 113.654
14 15 112.003
14 11 100.226
14 8 102.194
14 7 113.654
13 36 87.3969
13 28 87.3969
13 5 88.8372
13 3 87.3261
13 0 88.7528
12 28 90.6987
12 19 90.6987
12 10 90.5958
12 0 88.7528
11 38 100.226
11 32 100.226
11 15 100.226
11 14 100.226
10 19 90.5958
10 12 90.5958
10 5 88.8372
10 3 87.3261
9 39 86.7318
9 35 86.7318
9 29 86.7318
9 22 86.7318
9 6 90.6757
8 32 102.194
8 18 102.194
8 15 102.194
8 14 102.194
8 7 113.654
7 32 113.654
7 15 113.654
7 14 113.654
7 8 113.654
6 35 90.6757
6 29 90.6757
6 24 90.6757
6 9 90.6757
5 36 88.8372
5 29 88.8372
5 13 88.8372
5 10 88.8372
5 3 87.3261
4 37 93.9088
4 33 93.9088
4 31 93.9088
4 1 88.5149
3 36 87.3261
3 13 87.3261
3 10 87.3261
3 5 87.3261
3 1 88.5149
2 25 118.904
2 23 118.904
2 21 118.904
2 17 118.904
1 39 88.5149
1 31 88.5149
1 4 88.5149
1 3 88.5149
0 28 88.7528
0 19 88.7528
0 16 88.7528
0 13 88.7528
0 12 88.7528
