@nodes
label table_size
39 390
38 390
37 390
36 390
35 390
34 390
33 390
32 390
31 390
30 390
29 390
28 390
27 390
26 390
25 390
24 390
23 390
22 390
21 390
20 390
19 390
18 390
17 390
16 390
15 390
14 390
13 390
12 390
11 390
10 390
9 390
8 390
7 390
6 390
5 390
4 390
3 390
2 390
1 390
0 390
@arcs
       bandwidth
39 26 139.691
39 22 111.769
39 9 114.723
39 1 133.89
38 33 108.532
38 29 128.213
38 27 149.809
38 20 137.95
38 11 115.187
37 33 108.532
37 28 126.093
37 24 104.487
37 4 123.157
36 24 104.487
36 16 130.526
36 13 134.962
36 5 127.708
36 3 128.729
35 30 120.312
35 29 128.213
35 24 104.487
35 9 114.723
35 6 148.451
34 32 155
34 30 155
34 26 139.691
34 20 137.95
33 38 108.532
33 37 108.532
33 31 108.532
33 20 137.95
33 4 108.532
32 34 155
32 11 155
32 8 155
32 7 155
31 33 108.532
31 24 104.487
31 4 155
31 1 133.89
30 35 120.312
30 34 155
30 26 139.691
30 18 155
29 38 128.213
29 35 128.213
29 9 114.723
29 6 148.451
29 5 127.708
28 37 126.093
28 16 126.093
28 13 134.962
28 12 126.093
28 0 126.093
27 38 149.809
27 20 137.95
27 18 149.809
27 15 149.809
26 39 139.691
26 34 139.691
26 30 139.691
26 25 140.998
26 18 139.691
25 26 140.998
25 23 153.442
25 18 140.998
25 17 140.998
25 2 140.998
24 37 104.487
24 36 104.487
24 35 104.487
24 31 104.487
24 6 148.451
23 25 153.442
23 22 111.769
23 21 153.442
23 17 153.442
23 2 153.442
22 39 111.769
22 23 111.769
22 21 111.769
22 9 114.723
21 23 153.442
21 22 111.769
21 17 155
21 2 155
20 38 137.95
20 34 137.95
20 33 137.95
20 27 137.95
19 16 155
19 12 155
19 10 155
19 0 155
18 30 155
18 27 149.809
18 26 139.691
18 25 140.998
18 8 155
17 25 140.998
17 23 153.442
17 21 155
17 2 155
16 36 130.526
16 28 126.093
16 19 155
16 0 155
15 27 149.809
15 14 155
15 11 155
15 8 155
15 7 155
14 15 155
14 11 155
14 8 155
14 7 155
13 36 134.962
13 28 134.962
13 5 127.708
13 3 128.729
13 0 134.962
12 28 126.093
12 19 155
12 10 155
12 0 155
11 38 115.187
11 32 155
11 15 155
11 14 155
10 19 155
10 12 155
10 5 127.708
10 3 128.729
9 39 114.723
9 35 114.723
9 29 114.723
9 22 114.723
9 6 148.451
8 32 155
8 18 155
8 15 155
8 14 155
8 7 155
7 32 155
7 15 155
7 14 155
7 8 155
6 35 148.451
6 29 148.451
6 24 148.451
6 9 148.451
5 36 127.708
5 29 127.708
5 13 127.708
5 10 127.708
5 3 128.729
4 37 123.157
4 33 108.532
4 31 155
4 1 133.89
3 36 128.729
3 13 128.729
3 10 128.729
3 5 128.729
3 1 133.89
2 25 140.998
2 23 153.442
2 21 155
2 17 155
1 39 133.89
1 31 133.89
1 4 133.89
1 3 133.89
0 28 126.093
0 19 155
0 16 155
0 13 134.962
0 12 155
