@nodes
label table_size
39 390
38 390
37 390
36 390
35 390
34 390
33 390
32 390
31 390
30 390
29 390
28 390
27 390
26 390
25 390
24 390
23 390
22 390
21 390
20 390
19 390
18 390
17 390
16 390
15 390
14 390
13 390
12 390
11 390
10 390
9 390
8 390
7 390
6 390
5 390
4 390
3 390
2 390
1 390
0 390
@arcs
       bandwidth
39 26 101.45
39 22 93.2915
39 9 93.6114
39 1 99.0278
38 33 91.066
38 29 100.643
38 27 105.486
38 20 100.786
38 11 123.02
37 33 91.066
37 28 95.0116
37 24 88.1953
37 4 114.181
36 24 88.1953
36 16 115.567
36 13 96.9248
36 5 99.9221
36 3 96.2733
35 30 110.353
35 29 100.643
35 24 88.1953
35 9 93.6114
35 6 103.071
34 32 131.281
34 30 110.353
34 26 101.45
34 20 100.786
33 38 91.066
33 37 91.066
33 31 107.846
33 20 100.786
33 4 114.181
32 34 131.281
32 11 123.02
32 8 124.579
32 7 131.281
31 33 107.846
31 24 88.1953
31 4 114.181
31 1 99.0278
30 35 110.353
30 34 110.353
30 26 101.45
30 18 109.861
29 38 100.643
29 35 100.643
29 9 93.6114
29 6 103.071
29 5 99.9221
28 37 95.0116
28 16 115.567
28 13 96.9248
28 12 109.723
28 0 102.73
27 38 105.486
27 20 100.786
27 18 109.861
27 15 110.14
26 39 101.45
26 34 101.45
26 30 101.45
26 25 104.013
26 18 109.861
25 26 104.013
25 23 105.383
25 18 109.861
25 17 134.528
25 2 104.013
24 37 88.1953
24 36 88.1953
24 35 88.1953
24 31 88.1953
24 6 103.071
23 25 105.383
23 22 93.2915
23 21 113.143
23 17 134.528
23 2 105.383
22 39 93.2915
22 23 93.2915
22 21 113.143
22 9 93.6114
21 23 113.143
21 22 113.143
21 17 134.528
21 2 113.143
20 38 100.786
20 34 100.786
20 33 100.786
20 27 100.786
19 16 115.567
19 12 109.723
19 10 104.107
19 0 102.73
18 30 109.861
18 27 109.861
18 26 109.861
18 25 109.861
18 8 124.579
17 25 134.528
17 23 134.528
17 21 134.528
17 2 134.528
16 36 115.567
16 28 115.567
16 19 115.567
16 0 102.73
15 27 110.14
15 14 154.605
15 11 123.02
15 8 124.579
15 7 110.14
14 15 154.605
14 11 123.02
14 8 124.579
14 7 154.605
13 36 96.9248
13 28 96.9248
13 5 99.9221
13 3 96.2733
13 0 102.73
12 28 109.723
12 19 109.723
12 10 104.107
12 0 102.73
11 38 123.02
11 32 123.02
11 15 123.02
11 14 123.02
10 19 104.107
10 12 104.107
10 5 99.9221
10 3 96.2733
9 39 93.6114
9 35 93.6114
9 29 93.6114
9 22 93.6114
9 6 103.071
8 32 124.579
8 18 124.579
8 15 124.579
8 14 124.579
8 7 124.579
7 32 131.281
7 15 110.14
7 14 154.605
7 8 124.579
6 35 103.071
6 29 103.071
6 24 103.071
6 9 103.071
5 36 99.9221
5 29 99.9221
5 13 99.9221
5 10 99.9221
5 3 96.2733
4 37 114.181
4 33 114.181
4 31 114.181
4 1 99.0278
3 36 96.2733
3 13 96.2733
3 10 96.2733
3 5 96.2733
3 1 99.0278
2 25 104.013
2 23 105.383
2 21 113.143
2 17 134.528
1 39 99.0278
1 31 99.0278
1 4 99.0278
1 3 99.0278
0 28 102.73
0 19 102.73
0 16 102.73
0 13 102.73
0 12 102.73
