@nodes
label table_size
39 390
38 390
37 390
36 390
35 390
34 390
33 390
32 390
31 390
30 390
29 390
28 390
27 390
26 390
25 390
24 390
23 390
22 390
21 390
20 390
19 390
18 390
17 390
16 390
15 390
14 390
13 390
12 390
11 390
10 390
9 390
8 390
7 390
6 390
5 390
4 390
3 390
2 390
1 390
0 390
@arcs
       bandwidth
39 26 114.815
39 22 100.967
39 9 101.954
39 1 114.004
38 33 98.8152
38 29 111.769
38 27 123.575
38 20 115.663
38 11 104.681
37 33 98.8152
37 28 107.545
37 24 94.4423
37 4 140.732
36 24 94.4423
36 16 151.946
36 13 111.691
36 5 110.497
36 3 110.07
35 30 131.862
35 29 111.769
35 24 94.4423
35 9 101.954
35 6 119.832
34 32 126.726
34 30 131.862
34 26 114.815
34 20 115.663
33 38 98.8152
33 37 98.8152
33 31 133.89
33 20 115.663
33 4 140.732
32 34 126.726
32 11 155
32 8 155
32 7 155
31 33 133.89
31 24 94.4423
31 4 140.732
31 1 114.004
30 35 131.862
30 34 131.862
30 26 114.815
30 18 130.901
29 38 111.769
29 35 111.769
29 9 101.954
29 6 119.832
29 5 110.497
28 37 107.545
28 16 151.946
28 13 111.691
28 12 151.22
28 0 125.174
27 38 123.575
27 20 115.663
27 18 130.901
27 15 137.709
26 39 114.815
26 34 114.815
26 30 114.815
26 25 118.235
26 18 130.901
25 26 118.235
25 23 123.02
25 18 130.901
25 17 118.235
25 2 118.235
24 37 94.4423
24 36 94.4423
24 35 94.4423
24 31 94.4423
24 6 119.832
23 25 123.02
23 22 100.967
23 21 140.207
23 17 123.02
23 2 123.02
22 39 100.967
22 23 100.967
22 21 140.207
22 9 101.954
21 23 140.207
21 22 140.207
21 17 140.207
21 2 140.207
20 38 115.663
20 34 115.663
20 33 115.663
20 27 115.663
19 16 151.946
19 12 151.22
19 10 123.575
19 0 125.174
18 30 130.901
18 27 130.901
18 26 130.901
18 25 130.901
18 8 130.901
17 25 118.235
17 23 123.02
17 21 140.207
17 2 155
16 36 151.946
16 28 151.946
16 19 151.946
16 0 125.174
15 27 137.709
15 14 137.709
15 11 137.709
15 8 137.709
15 7 137.709
14 15 137.709
14 11 155
14 8 155
14 7 155
13 36 111.691
13 28 111.691
13 5 110.497
13 3 110.07
13 0 125.174
12 28 151.22
12 19 151.22
12 10 123.575
12 0 125.174
11 38 104.681
11 32 155
11 15 137.709
11 14 155
10 19 123.575
10 12 123.575
10 5 110.497
10 3 110.07
9 39 101.954
9 35 101.954
9 29 101.954
9 22 101.954
9 6 119.832
8 32 155
8 18 130.901
8 15 137.709
8 14 155
8 7 155
7 32 155
7 15 137.709
7 14 155
7 8 155
6 35 119.832
6 29 119.832
6 24 119.832
6 9 119.832
5 36 110.497
5 29 110.497
5 13 110.497
5 10 110.497
5 3 110.07
4 37 140.732
4 33 140.732
4 31 140.732
4 1 114.004
3 36 110.07
3 13 110.07
3 10 110.07
3 5 110.07
3 1 114.004
2 25 118.235
2 23 123.02
2 21 140.207
2 17 155
1 39 114.004
1 31 114.004
1 4 114.004
1 3 114.004
0 28 125.174
0 19 125.174
0 16 125.174
0 13 125.174
0 12 125.174
