@nodes
label table_size
39 390
38 390
37 390
36 390
35 390
34 390
33 390
32 390
31 390
30 390
29 390
28 390
27 390
26 390
25 390
24 390
23 390
22 390
21 390
20 390
19 390
18 390
17 390
16 390
15 390
14 390
13 390
12 390
11 390
10 390
9 390
8 390
7 390
6 390
5 390
4 390
3 390
2 390
1 390
0 390
@arcs
       bandwidth
39 26 79.3338
39 22 79.45
39 9 79.5283
39 1 79.0593
38 33 78.9747
38 29 79.9336
38 27 80.1374
38 20 79.3245
38 11 82.3656
37 33 78.9747
37 28 79.2717
37 24 78.6293
37 4 79.3381
36 24 78.6293
36 16 79.973
36 13 79.5923
36 5 79.4745
36 3 78.9812
35 30 80.3242
35 29 79.9336
35 24 78.6293
35 9 79.5283
35 6 80.2069
34 32 82.1802
34 30 80.3242
34 26 79.3338
34 20 79.3245
33 38 78.9747
33 37 78.9747
33 31 79.2784
33 20 79.3245
33 4 79.3381
32 34 82.1802
32 11 82.3656
32 8 81.958
32 7 85.0563
31 33 79.2784
31 24 78.6293
31 4 79.3381
31 1 79.0593
30 35 80.3242
30 34 80.3242
30 26 79.3338
30 18 79.6963
29 38 79.9336
29 35 79.9336
29 9 79.5283
29 6 80.2069
29 5 79.4745
28 37 79.2717
28 16 79.973
28 13 79.5923
28 12 79.5177
28 0 79.2514
27 38 80.1374
27 20 79.3245
27 18 79.6963
27 15 82.1672
26 39 79.3338
26 34 79.3338
26 30 79.3338
26 25 79.5657
26 18 79.6963
25 26 79.5657
25 23 79.995
25 18 79.6963
25 17 82.6702
25 2 84.8469
24 37 78.6293
24 36 78.6293
24 35 78.6293
24 31 78.6293
24 6 80.2069
23 25 79.995
23 22 79.45
23 21 80.693
23 17 82.6702
23 2 84.8469
22 39 79.45
22 23 79.45
22 21 80.693
22 9 79.5283
21 23 80.693
21 22 80.693
21 17 82.6702
21 2 84.8469
20 38 79.3245
20 34 79.3245
20 33 79.3245
20 27 79.3245
19 16 79.973
19 12 79.5177
19 10 79.2927
19 0 79.2514
18 30 79.6963
18 27 79.6963
18 26 79.6963
18 25 79.6963
18 8 81.958
17 25 82.6702
17 23 82.6702
17 21 82.6702
17 2 84.8469
16 36 79.973
16 28 79.973
16 19 79.973
16 0 79.2514
15 27 82.1672
15 14 84.5917
15 11 82.3656
15 8 81.958
15 7 85.0563
14 15 84.5917
14 11 82.3656
14 8 81.958
14 7 85.0563
13 36 79.5923
13 28 79.5923
13 5 79.4745
13 3 78.9812
13 0 79.2514
12 28 79.5177
12 19 79.5177
12 10 79.2927
12 0 79.2514
11 38 82.3656
11 32 82.3656
11 15 82.3656
11 14 82.3656
10 19 79.2927
10 12 79.2927
10 5 79.4745
10 3 78.9812
9 39 79.5283
9 35 79.5283
9 29 79.5283
9 22 79.5283
9 6 80.2069
8 32 81.958
8 18 81.958
8 15 81.958
8 14 81.958
8 7 85.0563
7 32 85.0563
7 15 85.0563
7 14 85.0563
7 8 85.0563
6 35 80.2069
6 29 80.2069
6 24 80.2069
6 9 80.2069
5 36 79.4745
5 29 79.4745
5 13 79.4745
5 10 79.4745
5 3 78.9812
4 37 79.3381
4 33 79.3381
4 31 79.3381
4 1 79.0593
3 36 78.9812
3 13 78.9812
3 10 78.9812
3 5 78.9812
3 1 79.0593
2 25 84.8469
2 23 84.8469
2 21 84.8469
2 17 84.8469
1 39 79.0593
1 31 79.0593
1 4 79.0593
1 3 79.0593
0 28 79.2514
0 19 79.2514
0 16 79.2514
0 13 79.2514
0 12 79.2514
