@nodes
label table_size
11 66
10 66
9 66
8 66
7 66
6 66
5 66
4 66
3 66
2 66
1 66
0 66
@arcs
       bandwidth
11 8 31379.3
11 1 23837.2
10 9 26470.6
10 3 24925.4
9 10 26470.6
9 7 30476.2
9 3 24925.4
8 11 31379.3
8 2 34042.6
7 9 30476.2
7 4 25689.7
6 5 25454.5
6 4 25689.7
6 3 24925.4
5 6 25454.5
5 2 34042.6
5 1 23837.2
4 7 25689.7
4 6 25689.7
4 1 23837.2
3 10 24925.4
3 9 24925.4
3 6 24925.4
2 8 34042.6
2 5 34042.6
1 11 23837.2
1 5 23837.2
1 4 23837.2
1 0 23837.2
0 1 23837.2
