@nodes
label table_size
11 66
10 66
9 66
8 66
7 66
6 66
5 66
4 66
3 66
2 66
1 66
0 66
@arcs
       bandwidth
11 8 36500
11 1 27021.3
10 9 40000
10 3 32692.3
9 10 40000
9 7 40000
9 3 32692.3
8 11 36500
8 2 40000
7 9 40000
7 4 31785.7
6 5 29850.7
6 4 31785.7
6 3 32692.3
5 6 29850.7
5 2 29850.7
5 1 27021.3
4 7 31785.7
4 6 31785.7
4 1 27021.3
3 10 32692.3
3 9 32692.3
3 6 32692.3
2 8 40000
2 5 29850.7
1 11 27021.3
1 5 27021.3
1 4 27021.3
1 0 27021.3
0 1 27021.3
