@nodes
label table_size
11 66
10 66
9 66
8 66
7 66
6 66
5 66
4 66
3 66
2 66
1 66
0 66
@arcs
       bandwidth
11 8 30312.5
11 1 23548.4
10 9 25546.2
10 3 24489.8
9 10 25546.2
9 7 27333.3
9 3 24489.8
8 11 30312.5
8 2 31785.7
7 9 27333.3
7 4 24583.3
6 5 25322.6
6 4 24583.3
6 3 24489.8
5 6 25322.6
5 2 31785.7
5 1 23548.4
4 7 24583.3
4 6 24583.3
4 1 23548.4
3 10 24489.8
3 9 24489.8
3 6 24489.8
2 8 31785.7
2 5 31785.7
1 11 23548.4
1 5 23548.4
1 4 23548.4
1 0 23548.4
0 1 23548.4
