@nodes
label table_size
11 66
10 66
9 66
8 66
7 66
6 66
5 66
4 66
3 66
2 66
1 66
0 66
@arcs
       bandwidth
11 8 30312.5
11 1 23510.6
10 9 25500
10 3 24400
9 10 25500
9 7 28048.8
9 3 24400
8 11 30312.5
8 2 32452.8
7 9 28048.8
7 4 24888.9
6 5 25196.9
6 4 24888.9
6 3 24400
5 6 25196.9
5 2 32452.8
5 1 23510.6
4 7 24888.9
4 6 24888.9
4 1 23510.6
3 10 24400
3 9 24400
3 6 24400
2 8 32452.8
2 5 32452.8
1 11 23510.6
1 5 23510.6
1 4 23510.6
1 0 23510.6
0 1 23510.6
