@nodes
label table_size
11 66
10 66
9 66
8 66
7 66
6 66
5 66
4 66
3 66
2 66
1 66
0 66
@arcs
       bandwidth
11 8 28354.4
11 1 23219.5
10 9 24962.4
10 3 23952.1
9 10 24962.4
9 7 27173.9
9 3 23952.1
8 11 28354.4
8 2 29295.8
7 9 27173.9
7 4 24230.8
6 5 24459.5
6 4 24230.8
6 3 23952.1
5 6 24459.5
5 2 29295.8
5 1 23219.5
4 7 24230.8
4 6 24230.8
4 1 23219.5
3 10 23952.1
3 9 23952.1
3 6 23952.1
2 8 29295.8
2 5 29295.8
1 11 23219.5
1 5 23219.5
1 4 23219.5
1 0 23219.5
0 1 23219.5
