@nodes
label table_size
11 66
10 66
9 66
8 66
7 66
6 66
5 66
4 66
3 66
2 66
1 66
0 66
@arcs
       bandwidth
11 8 37368.4
11 1 25641
10 9 39411.8
10 3 29428.6
9 10 39411.8
9 7 39411.8
9 3 29428.6
8 11 37368.4
8 2 39411.8
7 9 39411.8
7 4 29428.6
6 5 27764.7
6 4 29428.6
6 3 29428.6
5 6 27764.7
5 2 39411.8
5 1 25641
4 7 29428.6
4 6 29428.6
4 1 25641
3 10 29428.6
3 9 29428.6
3 6 29428.6
2 8 39411.8
2 5 39411.8
1 11 25641
1 5 25641
1 4 25641
1 0 25641
0 1 25641
