@nodes
label table_size
11 66
10 66
9 66
8 66
7 66
6 66
5 66
4 66
3 66
2 66
1 66
0 66
@arcs
       bandwidth
11 8 34042.6
11 1 24342.1
10 9 28048.8
10 3 25689.7
9 10 28048.8
9 7 33200
9 3 25689.7
8 11 34042.6
8 2 37837.8
7 9 33200
7 4 26875
6 5 26055
6 4 26875
6 3 25689.7
5 6 26055
5 2 37837.8
5 1 24342.1
4 7 26875
4 6 26875
4 1 24342.1
3 10 25689.7
3 9 25689.7
3 6 25689.7
2 8 37837.8
2 5 37837.8
1 11 24342.1
1 5 24342.1
1 4 24342.1
1 0 24342.1
0 1 24342.1
