@nodes
label table_size
11 66
10 66
9 66
8 66
7 66
6 66
5 66
4 66
3 66
2 66
1 66
0 66
@arcs
       bandwidth
11 8 32692.3
11 1 24074.1
10 9 27857.1
10 3 25789.5
9 10 27857.1
9 7 30645.2
9 3 25789.5
8 11 32692.3
8 2 35000
7 9 30645.2
7 4 25689.7
6 5 26111.1
6 4 25689.7
6 3 25789.5
5 6 26111.1
5 2 35000
5 1 24074.1
4 7 25689.7
4 6 25689.7
4 1 24074.1
3 10 25789.5
3 9 25789.5
3 6 25789.5
2 8 35000
2 5 35000
1 11 24074.1
1 5 24074.1
1 4 24074.1
1 0 24074.1
0 1 24074.1
