@nodes
label table_size
11 66
10 66
9 66
8 66
7 66
6 66
5 66
4 66
3 66
2 66
1 66
0 66
@arcs
       bandwidth
11 8 27252.7
11 1 22946.4
10 9 24400
10 3 23687.2
9 10 24400
9 7 26000
9 3 23687.2
8 11 27252.7
8 2 28148.1
7 9 26000
7 4 23771.4
6 5 23928.6
6 4 23771.4
6 3 23687.2
5 6 23928.6
5 2 28148.1
5 1 22946.4
4 7 23771.4
4 6 23771.4
4 1 22946.4
3 10 23687.2
3 9 23687.2
3 6 23687.2
2 8 28148.1
2 5 28148.1
1 11 22946.4
1 5 22946.4
1 4 22946.4
1 0 22946.4
0 1 22946.4
