@nodes
label table_size
11 66
10 66
9 66
8 66
7 66
6 66
5 66
4 66
3 66
2 66
1 66
0 66
@arcs
       bandwidth
11 8 33200
11 1 24520.5
10 9 30153.8
10 3 26875
9 10 30153.8
9 7 32452.8
9 3 26875
8 11 33200
8 2 35348.8
7 9 32452.8
7 4 26734.7
6 5 26534.7
6 4 26734.7
6 3 26875
5 6 26534.7
5 2 35348.8
5 1 24520.5
4 7 26734.7
4 6 26734.7
4 1 24520.5
3 10 26875
3 9 26875
3 6 26875
2 8 35348.8
2 5 35348.8
1 11 24520.5
1 5 24520.5
1 4 24520.5
1 0 24520.5
0 1 24520.5
