@nodes
label table_size
11 66
10 66
9 66
8 66
7 66
6 66
5 66
4 66
3 66
2 66
1 66
0 66
@arcs
       bandwidth
11 8 36097.6
11 1 24888.9
10 9 29428.6
10 3 26168.2
9 10 29428.6
9 7 38857.1
9 3 26168.2
8 11 36097.6
8 2 36097.6
7 9 38857.1
7 4 28048.8
6 5 27021.3
6 4 28048.8
6 3 26168.2
5 6 27021.3
5 2 27021.3
5 1 24888.9
4 7 28048.8
4 6 28048.8
4 1 24888.9
3 10 26168.2
3 9 26168.2
3 6 26168.2
2 8 36097.6
2 5 27021.3
1 11 24888.9
1 5 24888.9
1 4 24888.9
1 0 24888.9
0 1 24888.9
