@nodes
label table_size
15 120
14 120
13 120
12 120
11 120
10 120
9 120
8 120
7 120
6 120
5 120
4 120
3 120
2 120
1 120
0 120
@arcs
       bandwidth
15 13 618.577
15 8 597.72
14 13 618.577
14 12 584.986
14 11 638.249
14 9 603.448
14 8 597.72
14 6 563.291
14 4 648.515
14 1 670.455
14 0 833.333
13 15 618.577
13 14 618.577
13 12 584.986
13 9 603.448
13 8 597.72
13 6 563.291
12 14 584.986
12 13 584.986
12 11 638.249
12 6 563.291
12 4 648.515
12 1 670.455
12 0 833.333
11 14 638.249
11 12 638.249
11 6 563.291
11 4 648.515
11 1 670.455
11 0 833.333
10 9 603.448
10 8 597.72
10 3 700
10 2 650.754
9 14 603.448
9 13 603.448
9 10 603.448
9 8 597.72
9 6 563.291
9 3 700
8 15 597.72
8 14 597.72
8 13 597.72
8 10 597.72
8 9 597.72
8 6 563.291
8 3 700
7 6 563.291
7 5 1000
7 3 700
7 2 1000
7 0 833.333
6 14 563.291
6 13 563.291
6 12 563.291
6 11 563.291
6 9 563.291
6 8 563.291
6 7 563.291
6 5 563.291
6 3 700
6 2 563.291
6 0 833.333
5 7 1000
5 6 563.291
5 2 1000
5 1 670.455
5 0 833.333
4 14 648.515
4 12 648.515
4 11 648.515
4 1 670.455
4 0 833.333
3 10 700
3 9 700
3 8 700
3 7 700
3 6 700
3 2 700
2 10 650.754
2 7 1000
2 6 563.291
2 5 1000
2 3 700
1 14 670.455
1 12 670.455
1 11 670.455
1 5 670.455
1 4 670.455
1 0 833.333
0 14 833.333
0 12 833.333
0 11 833.333
0 7 833.333
0 6 833.333
0 5 833.333
0 4 833.333
0 1 833.333
