@nodes
label table_size
15 120
14 120
13 120
12 120
11 120
10 120
9 120
8 120
7 120
6 120
5 120
4 120
3 120
2 120
1 120
0 120
@arcs
       bandwidth
15 13 605.263
15 8 586.207
14 13 605.263
14 12 572.993
14 11 610.294
14 9 590.361
14 8 586.207
14 6 554.845
14 4 613.636
14 1 633.929
14 0 777.778
13 15 605.263
13 14 605.263
13 12 572.993
13 9 590.361
13 8 586.207
13 6 554.845
12 14 572.993
12 13 572.993
12 11 610.294
12 6 554.845
12 4 613.636
12 1 633.929
12 0 777.778
11 14 610.294
11 12 610.294
11 6 554.845
11 4 613.636
11 1 633.929
11 0 777.778
10 9 590.361
10 8 586.207
10 3 645.631
10 2 614.943
9 14 590.361
9 13 590.361
9 10 590.361
9 8 586.207
9 6 554.845
9 3 645.631
8 15 586.207
8 14 586.207
8 13 586.207
8 10 586.207
8 9 586.207
8 6 554.845
8 3 645.631
7 6 554.845
7 5 879.747
7 3 645.631
7 2 1000
7 0 777.778
6 14 554.845
6 13 554.845
6 12 554.845
6 11 554.845
6 9 554.845
6 8 554.845
6 7 554.845
6 5 879.747
6 3 645.631
6 2 554.845
6 0 777.778
5 7 879.747
5 6 879.747
5 2 879.747
5 1 633.929
5 0 777.778
4 14 613.636
4 12 613.636
4 11 613.636
4 1 633.929
4 0 777.778
3 10 645.631
3 9 645.631
3 8 645.631
3 7 645.631
3 6 645.631
3 2 645.631
2 10 614.943
2 7 1000
2 6 554.845
2 5 879.747
2 3 645.631
1 14 633.929
1 12 633.929
1 11 633.929
1 5 633.929
1 4 633.929
1 0 777.778
0 14 777.778
0 12 777.778
0 11 777.778
0 7 777.778
0 6 777.778
0 5 777.778
0 4 777.778
0 1 777.778
