@nodes
label table_size
15 120
14 120
13 120
12 120
11 120
10 120
9 120
8 120
7 120
6 120
5 120
4 120
3 120
2 120
1 120
0 120
@arcs
       bandwidth
15 13 573.171
15 8 554.25
14 13 573.171
14 12 542.493
14 11 552.632
14 9 554.446
14 8 554.25
14 6 530.832
14 4 553.667
14 1 556.818
14 0 573.529
13 15 573.171
13 14 573.171
13 12 542.493
13 9 554.446
13 8 554.25
13 6 530.832
12 14 542.493
12 13 542.493
12 11 552.632
12 6 530.832
12 4 553.667
12 1 556.818
12 0 573.529
11 14 552.632
11 12 552.632
11 6 530.832
11 4 553.667
11 1 556.818
11 0 573.529
10 9 554.446
10 8 554.25
10 3 570.922
10 2 708.333
9 14 554.446
9 13 554.446
9 10 554.446
9 8 554.25
9 6 530.832
9 3 570.922
8 15 554.25
8 14 554.25
8 13 554.25
8 10 554.25
8 9 554.25
8 6 530.832
8 3 570.922
7 6 530.832
7 5 608.303
7 3 570.922
7 2 708.333
7 0 573.529
6 14 530.832
6 13 530.832
6 12 530.832
6 11 530.832
6 9 530.832
6 8 530.832
6 7 530.832
6 5 608.303
6 3 570.922
6 2 708.333
6 0 573.529
5 7 608.303
5 6 608.303
5 2 708.333
5 1 556.818
5 0 573.529
4 14 553.667
4 12 553.667
4 11 553.667
4 1 556.818
4 0 573.529
3 10 570.922
3 9 570.922
3 8 570.922
3 7 570.922
3 6 570.922
3 2 708.333
2 10 708.333
2 7 708.333
2 6 708.333
2 5 708.333
2 3 708.333
1 14 556.818
1 12 556.818
1 11 556.818
1 5 556.818
1 4 556.818
1 0 573.529
0 14 573.529
0 12 573.529
0 11 573.529
0 7 573.529
0 6 573.529
0 5 573.529
0 4 573.529
0 1 573.529
