@nodes
label table_size
15 120
14 120
13 120
12 120
11 120
10 120
9 120
8 120
7 120
6 120
5 120
4 120
3 120
2 120
1 120
0 120
@arcs
       bandwidth
15 13 529.098
15 8 523.166
14 13 529.098
14 12 520.325
14 11 524.45
14 9 524.194
14 8 523.166
14 6 515.408
14 4 524.135
14 1 526.978
14 0 523.148
13 15 529.098
13 14 529.098
13 12 520.325
13 9 524.194
13 8 523.166
13 6 515.408
12 14 520.325
12 13 520.325
12 11 524.45
12 6 515.408
12 4 524.135
12 1 526.978
12 0 523.148
11 14 524.45
11 12 524.45
11 6 515.408
11 4 524.135
11 1 526.978
11 0 523.148
10 9 524.194
10 8 523.166
10 3 528.329
10 2 561.35
9 14 524.194
9 13 524.194
9 10 524.194
9 8 523.166
9 6 515.408
9 3 528.329
8 15 523.166
8 14 523.166
8 13 523.166
8 10 523.166
8 9 523.166
8 6 515.408
8 3 528.329
7 6 515.408
7 5 542.614
7 3 528.329
7 2 561.35
7 0 523.148
6 14 515.408
6 13 515.408
6 12 515.408
6 11 515.408
6 9 515.408
6 8 515.408
6 7 515.408
6 5 542.614
6 3 528.329
6 2 561.35
6 0 523.148
5 7 542.614
5 6 542.614
5 2 561.35
5 1 526.978
5 0 523.148
4 14 524.135
4 12 524.135
4 11 524.135
4 1 526.978
4 0 523.148
3 10 528.329
3 9 528.329
3 8 528.329
3 7 528.329
3 6 528.329
3 2 561.35
2 10 561.35
2 7 561.35
2 6 561.35
2 5 561.35
2 3 561.35
1 14 526.978
1 12 526.978
1 11 526.978
1 5 526.978
1 4 526.978
1 0 523.148
0 14 523.148
0 12 523.148
0 11 523.148
0 7 523.148
0 6 523.148
0 5 523.148
0 4 523.148
0 1 523.148
